306,279,321,279,306,411,321,411,
322,279,337,279,322,411,337,411,
338,279,353,279,338,411,353,411,
354,279,369,279,354,411,369,411,
370,279,385,279,370,411,385,411,
386,279,401,279,386,411,401,411,
402,279,417,279,402,411,417,411,
418,279,433,279,418,411,433,411,
434,279,449,279,434,411,449,411,
450,279,465,279,450,411,465,411,
466,279,481,279,466,411,481,411,
482,279,497,279,482,411,497,411,
498,279,513,279,498,411,513,411,
514,279,529,279,514,411,529,411,
530,279,545,279,530,411,545,411,
546,279,561,279,546,411,561,411,
562,279,577,279,562,411,577,411,
578,279,593,279,578,411,593,411,
594,279,609,279,594,411,609,411,
610,279,625,279,610,411,625,411,
626,279,641,279,626,411,641,411,
642,279,657,279,642,411,657,411,
658,279,673,279,658,411,673,411,
674,279,689,279,674,411,689,411,
690,279,705,279,690,411,705,411,
706,279,721,279,706,411,721,411,
722,279,737,279,722,411,737,411,
738,279,753,279,738,411,753,411,
