1,209,16,209,1,425,16,425,
17,209,32,209,17,425,32,425,
33,209,48,209,33,425,48,425,
49,209,64,209,49,425,64,425,
65,209,80,209,65,425,80,425,
81,209,96,209,81,425,96,425,
97,209,112,209,97,425,112,425,
113,209,128,209,113,425,128,425,
129,209,144,209,129,425,144,425,
145,209,160,209,145,425,160,425,
161,209,176,209,161,425,176,425,
177,209,192,209,177,425,192,425,
193,209,208,209,193,425,208,425,
209,209,224,209,209,425,224,425,
225,209,240,209,225,425,240,425,
241,209,256,209,241,425,256,425,
257,209,272,209,257,425,272,425,
273,209,288,209,273,425,288,425,
289,209,304,209,289,425,304,425,
305,209,320,209,305,425,320,425,
321,209,336,209,321,425,336,425,
337,209,352,209,337,425,352,425,
353,209,368,209,353,425,368,425,
369,209,384,209,369,425,384,425,
385,209,400,209,385,425,400,425,
401,209,416,209,401,425,416,425,
417,209,432,209,417,425,432,425,
433,209,448,209,433,425,448,425,
449,209,464,209,449,425,464,425,
465,209,480,209,465,425,480,425,
481,209,496,209,481,425,496,425,
497,209,512,209,497,425,512,425,
513,209,528,209,513,425,528,425,
529,209,544,209,529,425,544,425,
545,209,560,209,545,425,560,425,
561,209,576,209,561,425,576,425,
577,209,592,209,577,425,592,425,
593,209,608,209,593,425,608,425,
609,209,624,209,609,425,624,425,
625,209,640,209,625,425,640,425,
641,209,656,209,641,425,656,425,
657,209,672,209,657,425,672,425,
673,209,688,209,673,425,688,425,
689,209,704,209,689,425,704,425,
705,209,720,209,705,425,720,425,
721,209,736,209,721,425,736,425,
737,209,752,209,737,425,752,425,
753,209,768,209,753,425,768,425,
769,209,784,209,769,425,784,425,
785,209,800,209,785,425,800,425,
