18,284,33,284,18,501,33,501,
34,284,49,284,34,501,49,501,
50,284,65,284,50,501,65,501,
66,284,81,284,66,501,81,501,
82,284,97,284,82,501,97,501,
98,284,113,284,98,501,113,501,
114,284,129,284,114,501,129,501,
130,284,145,284,130,501,145,501,
146,284,161,284,146,501,161,501,
162,284,177,284,162,501,177,501,
178,284,193,284,178,501,193,501,
194,284,209,284,194,501,209,501,
210,284,225,284,210,501,225,501,
226,284,241,284,226,501,241,501,
242,284,257,284,242,501,257,501,
258,284,273,284,258,501,273,501,
274,284,289,284,274,501,289,501,
290,284,305,284,290,501,305,501,
306,284,321,284,306,501,321,501,
322,284,337,284,322,501,337,501,
401,289,416,289,401,502,416,502,
417,289,432,289,417,502,432,502,
433,289,448,289,433,502,448,502,
449,289,464,289,449,502,464,502,
465,289,480,289,465,502,480,502,
481,289,496,289,481,502,496,502,
497,289,512,289,497,502,512,502,
513,289,528,289,513,502,528,502,
529,289,544,289,529,502,544,502,
545,289,560,289,545,502,560,502,
561,289,576,289,561,502,576,502,
577,289,592,289,577,502,592,502,
593,289,608,289,593,502,608,502,
609,289,624,289,609,502,624,502,
625,289,640,289,625,502,640,502,
641,289,656,289,641,502,656,502,
657,289,672,289,657,502,672,502,
673,289,688,289,673,502,688,502,
689,289,704,289,689,502,704,502,
705,289,720,289,705,502,720,502,
