221,285,236,285,221,334,236,334,
237,285,252,285,237,334,252,334,
253,285,268,285,253,334,268,334,
269,285,284,285,269,334,284,334,
285,285,300,285,285,334,300,334,
301,285,316,285,301,334,316,334,
317,285,332,285,317,334,332,334,
333,285,348,285,333,334,348,334,
349,285,364,285,349,334,364,334,
365,285,380,285,365,334,380,334,
381,285,396,285,381,334,396,334,
397,285,412,285,397,334,412,334,
413,285,428,285,413,334,428,334,
429,285,444,285,429,334,444,334,
445,285,460,285,445,334,460,334,
173,335,188,335,173,451,188,451,
