159,406,174,406,159,464,174,464,
175,406,190,406,175,464,190,464,
191,406,206,406,191,464,206,464,
207,406,222,406,207,464,222,464,
223,406,238,406,223,464,238,464,
239,406,254,406,239,464,254,464,
255,406,270,406,255,464,270,464,
271,406,286,406,271,464,286,464,
287,406,302,406,287,464,302,464,
303,406,318,406,303,464,318,464,
319,406,334,406,319,464,334,464,
335,406,350,406,335,464,350,464,
351,406,366,406,351,464,366,464,
367,406,382,406,367,464,382,464,
383,406,398,406,383,464,398,464,
399,406,414,406,399,464,414,464,
415,406,430,406,415,464,430,464,
431,406,446,406,431,464,446,464,
447,406,462,406,447,464,462,464,
463,406,478,406,463,464,478,464,
479,406,494,406,479,464,494,464,
495,406,510,406,495,464,510,464,
511,406,526,406,511,464,526,464,
527,406,542,406,527,464,542,464,
543,406,558,406,543,464,558,464,
214,479,229,479,214,522,229,522,
230,479,245,479,230,522,245,522,
246,479,261,479,246,522,261,522,
262,479,277,479,262,522,277,522,
278,479,293,479,278,522,293,522,
294,479,309,479,294,522,309,522,
310,479,325,479,310,522,325,522,
326,479,341,479,326,522,341,522,
342,479,357,479,342,522,357,522,
358,479,373,479,358,522,373,522,
374,479,389,479,374,522,389,522,
390,479,405,479,390,522,405,522,
406,479,421,479,406,522,421,522,
422,479,437,479,422,522,437,522,
438,479,453,479,438,522,453,522,
465,480,480,480,465,508,480,508,
481,480,496,480,481,508,496,508,
497,480,512,480,497,508,512,508,
300,528,315,528,300,556,315,556,
316,528,331,528,316,556,331,556,
332,528,347,528,332,556,347,556,
348,528,363,528,348,556,363,556,
364,528,379,528,364,556,379,556,
380,528,395,528,380,556,395,556,
396,528,411,528,396,556,411,556,
412,528,427,528,412,556,427,556,
