212,129,227,129,212,156,227,156,
228,129,243,129,228,156,243,156,
244,129,259,129,244,156,259,156,
260,129,275,129,260,156,275,156,
276,129,291,129,276,156,291,156,
292,129,307,129,292,156,307,156,
308,129,323,129,308,156,323,156,
324,129,339,129,324,156,339,156,
340,129,355,129,340,156,355,156,
356,129,371,129,356,156,371,156,
372,129,387,129,372,156,387,156,
388,129,403,129,388,156,403,156,
206,168,221,168,206,184,221,184,
222,168,237,168,222,184,237,184,
264,409,279,409,264,437,279,437,
280,409,295,409,280,437,295,437,
309,406,324,406,309,436,324,436,
325,406,340,406,325,436,340,436,
230,168,245,168,230,183,245,183,
246,168,261,168,246,183,261,183,
257,171,272,171,257,184,272,184,
271,167,286,167,271,183,286,183,
280,168,295,168,280,183,295,183,
296,168,311,168,296,183,311,183,
312,168,327,168,312,183,327,183,
318,169,333,169,318,183,333,183,
330,168,345,168,330,183,345,183,
339,168,354,168,339,183,354,183,
355,168,370,168,355,183,370,183,
362,168,377,168,362,182,377,182,
374,168,389,168,374,182,389,182,
389,167,404,167,389,182,404,182,
