408,278,423,278,408,290,423,290,
424,278,439,278,424,290,439,290,
441,279,456,279,441,291,456,291,
457,279,472,279,457,291,472,291,
473,279,488,279,473,291,488,291,
408,263,423,263,408,276,423,276,
424,263,439,263,424,276,439,276,
440,263,455,263,440,276,455,276,
456,263,471,263,456,276,471,276,
472,263,487,263,472,276,487,276,
267,239,282,239,267,305,282,305,
283,239,298,239,283,305,298,305,
299,239,314,239,299,305,314,305,
315,239,330,239,315,305,330,305,
331,239,346,239,331,305,346,305,
347,239,362,239,347,305,362,305,
363,239,378,239,363,305,378,305,
197,237,212,237,197,317,212,317,
213,237,228,237,213,317,228,317,
229,237,244,237,229,317,244,317,
245,237,260,237,245,317,260,317,
617,278,632,278,617,291,632,291,
633,278,648,278,633,291,648,291,
652,279,667,279,652,291,667,291,
668,279,683,279,668,291,683,291,
684,279,699,279,684,291,699,291,
618,262,633,262,618,275,633,275,
634,262,649,262,634,275,649,275,
650,262,665,262,650,275,665,275,
666,262,681,262,666,275,681,275,
682,262,697,262,682,275,697,275,
740,237,755,237,740,321,755,321,
756,237,771,237,756,321,771,321,
772,237,787,237,772,321,787,321,
788,237,803,237,788,321,803,321,
811,238,826,238,811,307,826,307,
827,238,842,238,827,307,842,307,
843,238,858,238,843,307,858,307,
859,238,874,238,859,307,874,307,
875,238,890,238,875,307,890,307,
891,238,906,238,891,307,906,307,
907,238,922,238,907,307,922,307,
923,238,938,238,923,307,938,307,
1,325,16,325,1,334,16,334,
17,325,32,325,17,334,32,334,
5,338,20,338,5,347,20,347,
21,338,36,338,21,347,36,347,
37,338,52,338,37,347,52,347,
53,338,68,338,53,347,68,347,
