274,292,289,292,274,361,289,361,
290,292,305,292,290,361,305,361,
306,292,321,292,306,361,321,361,
322,292,337,292,322,361,337,361,
338,292,353,292,338,361,353,361,
354,292,369,292,354,361,369,361,
370,292,385,292,370,361,385,361,
386,292,401,292,386,361,401,361,
402,292,417,292,402,361,417,361,
418,292,433,292,418,361,433,361,
434,292,449,292,434,361,449,361,
307,348,322,348,307,407,322,407,
323,348,338,348,323,407,338,407,
339,348,354,348,339,407,354,407,
355,348,370,348,355,407,370,407,
371,348,386,348,371,407,386,407,
387,348,402,348,387,407,402,407,
403,348,418,348,403,407,418,407,
