163,265,178,265,163,324,178,324,
179,265,194,265,179,324,194,324,
195,265,210,265,195,324,210,324,
211,265,226,265,211,324,226,324,
227,265,242,265,227,324,242,324,
243,265,258,265,243,324,258,324,
259,265,274,265,259,324,274,324,
275,265,290,265,275,324,290,324,
291,265,306,265,291,324,306,324,
307,265,322,265,307,324,322,324,
323,265,338,265,323,324,338,324,
339,265,354,265,339,324,354,324,
355,265,370,265,355,324,370,324,
371,265,386,265,371,324,386,324,
387,265,402,265,387,324,402,324,
403,265,418,265,403,324,418,324,
419,265,434,265,419,324,434,324,
435,265,450,265,435,324,450,324,
451,265,466,265,451,324,466,324,
467,265,482,265,467,324,482,324,
483,265,498,265,483,324,498,324,
