289,202,304,202,289,330,304,330,
305,202,320,202,305,330,320,330,
321,202,336,202,321,330,336,330,
337,202,352,202,337,330,352,330,
353,202,368,202,353,330,368,330,
369,202,384,202,369,330,384,330,
385,202,400,202,385,330,400,330,
401,202,416,202,401,330,416,330,
417,202,432,202,417,330,432,330,
433,202,448,202,433,330,448,330,
449,202,464,202,449,330,464,330,
465,202,480,202,465,330,480,330,
481,202,496,202,481,330,496,330,
497,202,512,202,497,330,512,330,
513,202,528,202,513,330,528,330,
529,202,544,202,529,330,544,330,
545,202,560,202,545,330,560,330,
561,202,576,202,561,330,576,330,
577,202,592,202,577,330,592,330,
593,202,608,202,593,330,608,330,
609,202,624,202,609,330,624,330,
625,202,640,202,625,330,640,330,
