258,346,273,346,258,401,273,401,
274,346,289,346,274,401,289,401,
290,346,305,346,290,401,305,401,
306,346,321,346,306,401,321,401,
322,346,337,346,322,401,337,401,
338,346,353,346,338,401,353,401,
354,346,369,346,354,401,369,401,
370,346,385,346,370,401,385,401,
386,346,401,346,386,401,401,401,
402,346,417,346,402,401,417,401,
418,346,433,346,418,401,433,401,
434,346,449,346,434,401,449,401,
450,346,465,346,450,401,465,401,
466,346,481,346,466,401,481,401,
482,346,497,346,482,401,497,401,
498,346,513,346,498,401,513,401,
514,346,529,346,514,401,529,401,
238,444,253,444,238,488,253,488,
254,444,269,444,254,488,269,488,
270,444,285,444,270,488,285,488,
286,444,301,444,286,488,301,488,
302,444,317,444,302,488,317,488,
318,444,333,444,318,488,333,488,
334,444,349,444,334,488,349,488,
350,444,365,444,350,488,365,488,
366,444,381,444,366,488,381,488,
382,444,397,444,382,488,397,488,
398,444,413,444,398,488,413,488,
414,444,429,444,414,488,429,488,
430,444,445,444,430,488,445,488,
446,444,461,444,446,488,461,488,
462,444,477,444,462,488,477,488,
478,444,493,444,478,488,493,488,
494,444,509,444,494,488,509,488,
510,444,525,444,510,488,525,488,
526,444,541,444,526,488,541,488,
542,444,557,444,542,488,557,488,
558,444,573,444,558,488,573,488,
574,444,589,444,574,488,589,488,
590,444,605,444,590,488,605,488,
663,155,678,155,663,180,678,180,
679,155,694,155,679,180,694,180,
695,155,710,155,695,180,710,180,
653,183,668,183,653,219,668,219,
669,183,684,183,669,219,684,219,
685,183,700,183,685,219,700,219,
701,183,716,183,701,219,716,219,
717,183,732,183,717,219,732,219,
242,121,257,121,242,122,257,122,
234,122,249,122,234,130,249,130,
250,122,265,122,250,130,265,130,
281,97,296,97,281,111,296,111,
297,97,312,97,297,111,312,111,
313,97,328,97,313,111,328,111,
329,97,344,97,329,111,344,111,
345,97,360,97,345,111,360,111,
361,97,376,97,361,111,376,111,
377,97,392,97,377,111,392,111,
273,107,288,107,273,123,288,123,
289,107,304,107,289,123,304,123,
305,107,320,107,305,123,320,123,
321,107,336,107,321,123,336,123,
337,107,352,107,337,123,352,123,
353,107,368,107,353,123,368,123,
369,107,384,107,369,123,384,123,
385,107,400,107,385,123,400,123,
401,107,416,107,401,123,416,123,
417,107,432,107,417,123,432,123,
433,107,448,107,433,123,448,123,
