197,190,212,190,197,591,212,591,
213,190,228,190,213,591,228,591,
229,190,244,190,229,591,244,591,
245,190,260,190,245,591,260,591,
261,190,276,190,261,591,276,591,
277,190,292,190,277,591,292,591,
293,190,308,190,293,591,308,591,
309,190,324,190,309,591,324,591,
325,190,340,190,325,591,340,591,
478,189,493,189,478,212,493,212,
478,183,493,183,478,188,493,188,
478,174,493,174,478,182,493,182,
178,2,193,2,178,166,193,166,
194,2,209,2,194,166,209,166,
210,2,225,2,210,166,225,166,
226,2,241,2,226,166,241,166,
242,2,257,2,242,166,257,166,
258,2,273,2,258,166,273,166,
274,2,289,2,274,166,289,166,
290,2,305,2,290,166,305,166,
306,2,321,2,306,166,321,166,
322,2,337,2,322,166,337,166,
338,2,353,2,338,166,353,166,
354,2,369,2,354,166,369,166,
461,171,476,171,461,186,476,186,
464,230,479,230,464,234,479,234,
