144,517,159,517,144,653,159,653,
160,517,175,517,160,653,175,653,
176,517,191,517,176,653,191,653,
192,517,207,517,192,653,207,653,
208,517,223,517,208,653,223,653,
224,517,239,517,224,653,239,653,
240,517,255,517,240,653,255,653,
256,517,271,517,256,653,271,653,
272,517,287,517,272,653,287,653,
288,517,303,517,288,653,303,653,
304,517,319,517,304,653,319,653,
320,517,335,517,320,653,335,653,
336,517,351,517,336,653,351,653,
352,517,367,517,352,653,367,653,
368,517,383,517,368,653,383,653,
384,517,399,517,384,653,399,653,
400,517,415,517,400,653,415,653,
416,517,431,517,416,653,431,653,
432,517,447,517,432,653,447,653,
448,517,463,517,448,653,463,653,
464,517,479,517,464,653,479,653,
480,517,495,517,480,653,495,653,
496,517,511,517,496,653,511,653,
512,517,527,517,512,653,527,653,
528,517,543,517,528,653,543,653,
544,517,559,517,544,653,559,653,
560,517,575,517,560,653,575,653,
576,517,591,517,576,653,591,653,
