118,251,133,251,118,256,133,256,
162,269,177,269,162,275,177,275,
172,270,187,270,172,275,187,275,
269,311,284,311,269,325,284,325,
285,311,300,311,285,325,300,325,
275,327,290,327,275,341,290,341,
317,413,332,413,317,499,332,499,
333,413,348,413,333,499,348,499,
349,413,364,413,349,499,364,499,
365,413,380,413,365,499,380,499,
381,413,396,413,381,499,396,499,
507,24,522,24,507,172,522,172,
523,24,538,24,523,172,538,172,
539,24,554,24,539,172,554,172,
555,24,570,24,555,172,570,172,
571,24,586,24,571,172,586,172,
587,24,602,24,587,172,602,172,
603,24,618,24,603,172,618,172,
619,24,634,24,619,172,634,172,
635,24,650,24,635,172,650,172,
651,24,666,24,651,172,666,172,
667,24,682,24,667,172,682,172,
683,24,698,24,683,172,698,172,
699,24,714,24,699,172,714,172,
715,24,730,24,715,172,730,172,
447,134,462,134,447,194,462,194,
463,134,478,134,463,194,478,194,
479,134,494,134,479,194,494,194,
495,134,510,134,495,194,510,194,
5,176,20,176,5,190,20,190,
21,176,36,176,21,190,36,190,
3,185,18,185,3,197,18,197,
19,185,34,185,19,197,34,197,
62,227,77,227,62,233,77,233,
393,218,408,218,393,231,408,231,
409,218,424,218,409,231,424,231,
402,278,417,278,402,281,417,281,
401,287,416,287,401,292,416,292,
