338,309,353,309,338,330,353,330,
354,309,369,309,354,330,369,330,
368,307,383,307,368,328,383,328,
384,307,399,307,384,328,399,328,
400,307,415,307,400,328,415,328,
335,363,350,363,335,396,350,396,
351,363,366,363,351,396,366,396,
367,363,382,363,367,396,382,396,
383,363,398,363,383,396,398,396,
399,363,414,363,399,396,414,396,
279,404,294,404,279,440,294,440,
295,404,310,404,295,440,310,440,
311,404,326,404,311,440,326,440,
327,404,342,404,327,440,342,440,
343,404,358,404,343,440,358,440,
359,404,374,404,359,440,374,440,
375,404,390,404,375,440,390,440,
391,404,406,404,391,440,406,440,
407,404,422,404,407,440,422,440,
423,404,438,404,423,440,438,440,
439,404,454,404,439,440,454,440,
455,404,470,404,455,440,470,440,
335,450,350,450,335,460,350,460,
351,450,366,450,351,460,366,460,
381,448,396,448,381,460,396,460,
397,448,412,448,397,460,412,460,
366,454,381,454,366,457,381,457,
290,470,305,470,290,484,305,484,
306,470,321,470,306,484,321,484,
322,470,337,470,322,484,337,484,
338,470,353,470,338,484,353,484,
362,467,377,467,362,482,377,482,
378,467,393,467,378,482,393,482,
394,467,409,467,394,482,409,482,
410,467,425,467,410,482,425,482,
426,467,441,467,426,482,441,482,
442,467,457,467,442,482,457,482,
350,476,365,476,350,480,365,480,
1,642,16,642,1,662,16,662,
