39,135,54,135,39,253,54,253,
55,135,70,135,55,253,70,253,
71,135,86,135,71,253,86,253,
87,135,102,135,87,253,102,253,
103,135,118,135,103,253,118,253,
119,135,134,135,119,253,134,253,
135,135,150,135,135,253,150,253,
151,135,166,135,151,253,166,253,
167,135,182,135,167,253,182,253,
183,135,198,135,183,253,198,253,
199,135,214,135,199,253,214,253,
215,135,230,135,215,253,230,253,
231,135,246,135,231,253,246,253,
247,135,262,135,247,253,262,253,
263,135,278,135,263,253,278,253,
279,135,294,135,279,253,294,253,
295,135,310,135,295,253,310,253,
311,135,326,135,311,253,326,253,
327,135,342,135,327,253,342,253,
343,135,358,135,343,253,358,253,
359,135,374,135,359,253,374,253,
375,135,390,135,375,253,390,253,
391,135,406,135,391,253,406,253,
407,135,422,135,407,253,422,253,
423,135,438,135,423,253,438,253,
439,135,454,135,439,253,454,253,
455,135,470,135,455,253,470,253,
471,135,486,135,471,253,486,253,
487,135,502,135,487,253,502,253,
503,135,518,135,503,253,518,253,
519,135,534,135,519,253,534,253,
535,135,550,135,535,253,550,253,
551,135,566,135,551,253,566,253,
567,135,582,135,567,253,582,253,
583,135,598,135,583,253,598,253,
599,135,614,135,599,253,614,253,
615,135,630,135,615,253,630,253,
631,135,646,135,631,253,646,253,
647,135,662,135,647,253,662,253,
663,135,678,135,663,253,678,253,
679,135,694,135,679,253,694,253,
695,135,710,135,695,253,710,253,
711,135,726,135,711,253,726,253,
727,135,742,135,727,253,742,253,
743,135,758,135,743,253,758,253,
759,135,774,135,759,253,774,253,
775,135,790,135,775,253,790,253,
135,315,150,315,135,359,150,359,
151,315,166,315,151,359,166,359,
167,315,182,315,167,359,182,359,
183,315,198,315,183,359,198,359,
199,315,214,315,199,359,214,359,
215,315,230,315,215,359,230,359,
231,315,246,315,231,359,246,359,
247,315,262,315,247,359,262,359,
263,315,278,315,263,359,278,359,
279,315,294,315,279,359,294,359,
295,315,310,315,295,359,310,359,
311,315,326,315,311,359,326,359,
327,315,342,315,327,359,342,359,
343,315,358,315,343,359,358,359,
359,315,374,315,359,359,374,359,
375,315,390,315,375,359,390,359,
391,315,406,315,391,359,406,359,
407,315,422,315,407,359,422,359,
423,315,438,315,423,359,438,359,
439,315,454,315,439,359,454,359,
455,315,470,315,455,359,470,359,
471,315,486,315,471,359,486,359,
487,315,502,315,487,359,502,359,
503,315,518,315,503,359,518,359,
114,367,129,367,114,389,129,389,
130,367,145,367,130,389,145,389,
146,367,161,367,146,389,161,389,
162,367,177,367,162,389,177,389,
178,367,193,367,178,389,193,389,
194,367,209,367,194,389,209,389,
210,367,225,367,210,389,225,389,
226,367,241,367,226,389,241,389,
242,367,257,367,242,389,257,389,
258,367,273,367,258,389,273,389,
274,367,289,367,274,389,289,389,
290,367,305,367,290,389,305,389,
306,367,321,367,306,389,321,389,
322,367,337,367,322,389,337,389,
338,367,353,367,338,389,353,389,
354,367,369,367,354,389,369,389,
370,367,385,367,370,389,385,389,
386,367,401,367,386,389,401,389,
402,367,417,367,402,389,417,389,
418,367,433,367,418,389,433,389,
434,367,449,367,434,389,449,389,
450,367,465,367,450,389,465,389,
466,367,481,367,466,389,481,389,
482,367,497,367,482,389,497,389,
132,442,147,442,132,464,147,464,
148,442,163,442,148,464,163,464,
164,442,179,442,164,464,179,464,
180,442,195,442,180,464,195,464,
196,442,211,442,196,464,211,464,
132,401,147,401,132,420,147,420,
148,401,163,401,148,420,163,420,
164,401,179,401,164,420,179,420,
180,401,195,401,180,420,195,420,
196,401,211,401,196,420,211,420,
623,320,638,320,623,349,638,349,
639,320,654,320,639,349,654,349,
655,320,670,320,655,349,670,349,
671,320,686,320,671,349,686,349,
687,320,702,320,687,349,702,349,
703,320,718,320,703,349,718,349,
719,320,734,320,719,349,734,349,
735,320,750,320,735,349,750,349,
751,320,766,320,751,349,766,349,
767,320,782,320,767,349,782,349,
621,354,636,354,621,388,636,388,
637,354,652,354,637,388,652,388,
653,354,668,354,653,388,668,388,
669,354,684,354,669,388,684,388,
685,354,700,354,685,388,700,388,
701,354,716,354,701,388,716,388,
717,354,732,354,717,388,732,388,
733,354,748,354,733,388,748,388,
749,354,764,354,749,388,764,388,
765,354,780,354,765,388,780,388,
620,390,635,390,620,423,635,423,
636,390,651,390,636,423,651,423,
652,390,667,390,652,423,667,423,
668,390,683,390,668,423,683,423,
684,390,699,390,684,423,699,423,
700,390,715,390,700,423,715,423,
716,390,731,390,716,423,731,423,
732,390,747,390,732,423,747,423,
748,390,763,390,748,423,763,423,
764,390,779,390,764,423,779,423,
619,426,634,426,619,458,634,458,
635,426,650,426,635,458,650,458,
651,426,666,426,651,458,666,458,
667,426,682,426,667,458,682,458,
683,426,698,426,683,458,698,458,
699,426,714,426,699,458,714,458,
715,426,730,426,715,458,730,458,
731,426,746,426,731,458,746,458,
747,426,762,426,747,458,762,458,
763,426,778,426,763,458,778,458,
619,465,634,465,619,493,634,493,
635,465,650,465,635,493,650,493,
651,465,666,465,651,493,666,493,
667,465,682,465,667,493,682,493,
683,465,698,465,683,493,698,493,
699,465,714,465,699,493,714,493,
715,465,730,465,715,493,730,493,
731,465,746,465,731,493,746,493,
747,465,762,465,747,493,762,493,
763,465,778,465,763,493,778,493,
616,498,631,498,616,530,631,530,
632,498,647,498,632,530,647,530,
648,498,663,498,648,530,663,530,
664,498,679,498,664,530,679,530,
680,498,695,498,680,530,695,530,
696,498,711,498,696,530,711,530,
712,498,727,498,712,530,727,530,
728,498,743,498,728,530,743,530,
744,498,759,498,744,530,759,530,
760,498,775,498,760,530,775,530,
637,253,652,253,637,277,652,277,
653,253,668,253,653,277,668,277,
669,253,684,253,669,277,684,277,
694,250,709,250,694,277,709,277,
710,250,725,250,710,277,725,277,
726,250,741,250,726,277,741,277,
742,250,757,250,742,277,757,277,
758,250,773,250,758,277,773,277,
231,444,246,444,231,464,246,464,
247,444,262,444,247,464,262,464,
263,444,278,444,263,464,278,464,
283,445,298,445,283,463,298,463,
299,445,314,445,299,463,314,463,
315,445,330,445,315,463,330,463,
331,445,346,445,331,463,346,463,
347,445,362,445,347,463,362,463,
363,445,378,445,363,463,378,463,
236,401,251,401,236,417,251,417,
252,401,267,401,252,417,267,417,
268,401,283,401,268,417,283,417,
284,401,299,401,284,417,299,417,
300,401,315,401,300,417,315,417,
316,401,331,401,316,417,331,417,
332,401,347,401,332,417,347,417,
348,401,363,401,348,417,363,417,
364,401,379,401,364,417,379,417,
380,401,395,401,380,417,395,417,
396,401,411,401,396,417,411,417,
412,401,427,401,412,417,427,417,
428,401,443,401,428,417,443,417,
235,420,250,420,235,439,250,439,
251,420,266,420,251,439,266,439,
267,420,282,420,267,439,282,439,
283,420,298,420,283,439,298,439,
299,420,314,420,299,439,314,439,
315,420,330,420,315,439,330,439,
331,420,346,420,331,439,346,439,
347,420,362,420,347,439,362,439,
363,420,378,420,363,439,378,439,
379,420,394,420,379,439,394,439,
395,420,410,420,395,439,410,439,
411,420,426,420,411,439,426,439,
427,420,442,420,427,439,442,439,
385,446,400,446,385,462,400,462,
401,446,416,446,401,462,416,462,
417,446,432,446,417,462,432,462,
435,446,450,446,435,462,450,462,
451,446,466,446,451,462,466,462,
467,446,482,446,467,462,482,462,
179,473,194,473,179,493,194,493,
195,473,210,473,195,493,210,493,
211,473,226,473,211,493,226,493,
227,473,242,473,227,493,242,493,
243,473,258,473,243,493,258,493,
259,473,274,473,259,493,274,493,
275,473,290,473,275,493,290,493,
291,473,306,473,291,493,306,493,
307,473,322,473,307,493,322,493,
323,473,338,473,323,493,338,493,
339,473,354,473,339,493,354,493,
355,473,370,473,355,493,370,493,
371,473,386,473,371,493,386,493,
387,473,402,473,387,493,402,493,
403,473,418,473,403,493,418,493,
419,473,434,473,419,493,434,493,
134,501,149,501,134,525,149,525,
150,501,165,501,150,525,165,525,
166,501,181,501,166,525,181,525,
182,501,197,501,182,525,197,525,
207,501,222,501,207,525,222,525,
223,501,238,501,223,525,238,525,
256,501,271,501,256,527,271,527,
272,501,287,501,272,527,287,527,
288,501,303,501,288,527,303,527,
304,501,319,501,304,527,319,527,
320,501,335,501,320,527,335,527,
336,501,351,501,336,527,351,527,
352,501,367,501,352,527,367,527,
368,501,383,501,368,527,383,527,
384,501,399,501,384,527,399,527,
400,501,415,501,400,527,415,527,
416,501,431,501,416,527,431,527,
432,501,447,501,432,527,447,527,
448,501,463,501,448,527,463,527,
464,501,479,501,464,527,479,527,
212,402,227,402,212,416,227,416,
214,447,229,447,214,460,229,460,
496,545,511,545,496,558,511,558,
512,545,527,545,512,558,527,558,
528,545,543,545,528,558,543,558,
544,545,559,545,544,558,559,558,
558,547,573,547,558,562,573,562,
574,547,589,547,574,562,589,562,
590,547,605,547,590,562,605,562,
606,547,621,547,606,562,621,562,
622,547,637,547,622,562,637,562,
638,547,653,547,638,562,653,562,
654,547,669,547,654,562,669,562,
670,547,685,547,670,562,685,562,
686,550,701,550,686,564,701,564,
702,550,717,550,702,564,717,564,
718,550,733,550,718,564,733,564,
734,550,749,550,734,564,749,564,
750,550,765,550,750,564,765,564,
766,550,781,550,766,564,781,564,
782,550,797,550,782,564,797,564,
