252,23,267,23,252,64,267,64,
268,23,283,23,268,64,283,64,
284,23,299,23,284,64,299,64,
300,23,315,23,300,64,315,64,
316,23,331,23,316,64,331,64,
332,23,347,23,332,64,347,64,
348,23,363,23,348,64,363,64,
375,28,390,28,375,58,390,58,
391,28,406,28,391,58,406,58,
407,28,422,28,407,58,422,58,
423,28,438,28,423,58,438,58,
439,28,454,28,439,58,454,58,
455,28,470,28,455,58,470,58,
471,28,486,28,471,58,486,58,
487,28,502,28,487,58,502,58,
503,28,518,28,503,58,518,58,
519,28,534,28,519,58,534,58,
535,28,550,28,535,58,550,58,
551,28,566,28,551,58,566,58,
287,81,302,81,287,117,302,117,
303,81,318,81,303,117,318,117,
319,81,334,81,319,117,334,117,
335,81,350,81,335,117,350,117,
351,81,366,81,351,117,366,117,
380,85,395,85,380,110,395,110,
396,85,411,85,396,110,411,110,
412,85,427,85,412,110,427,110,
439,85,454,85,439,111,454,111,
455,85,470,85,455,111,470,111,
471,85,486,85,471,111,486,111,
487,85,502,85,487,111,502,111,
222,255,237,255,222,269,237,269,
238,255,253,255,238,269,253,269,
254,255,269,255,254,269,269,269,
270,255,285,255,270,269,285,269,
286,255,301,255,286,269,301,269,
224,268,239,268,224,278,239,278,
240,268,255,268,240,278,255,278,
254,269,269,269,254,279,269,279,
270,269,285,269,270,279,285,279,
286,270,301,270,286,279,301,279,
221,313,236,313,221,320,236,320,
219,322,234,322,219,327,234,327,
218,331,233,331,218,337,233,337,
324,363,339,363,324,368,339,368,
340,363,355,363,340,368,355,368,
312,378,327,378,312,383,327,383,
322,379,337,379,322,384,337,384,
338,379,353,379,338,384,353,384,
338,395,353,395,338,401,353,401,
288,438,303,438,288,441,303,441,
423,421,438,421,423,436,438,436,
439,421,454,421,439,436,454,436,
453,423,468,423,453,436,468,436,
420,379,435,379,420,383,435,383,
418,383,433,383,418,385,433,385,
420,385,435,385,420,388,435,388,
419,389,434,389,419,396,434,396,
419,397,434,397,419,399,434,399,
420,401,435,401,420,403,435,403,
420,403,435,403,420,405,435,405,
420,405,435,405,420,407,435,407,
144,351,159,351,144,360,159,360,
147,360,162,360,147,368,162,368,
142,370,157,370,142,377,157,377,
152,371,167,371,152,377,167,377,
115,349,130,349,115,362,130,362,
64,346,79,346,64,357,79,357,
52,377,67,377,52,381,67,381,
68,377,83,377,68,381,83,381,
75,378,90,378,75,380,90,380,
2,376,17,376,2,379,17,379,
62,384,77,384,62,388,77,388,
98,386,113,386,98,391,113,391,
156,384,171,384,156,386,171,386,
33,424,48,424,33,427,48,427,
