170,196,185,196,170,330,185,330,
186,196,201,196,186,330,201,330,
202,196,217,196,202,330,217,330,
218,196,233,196,218,330,233,330,
253,193,268,193,253,329,268,329,
269,193,284,193,269,329,284,329,
285,193,300,193,285,329,300,329,
301,193,316,193,301,329,316,329,
317,193,332,193,317,329,332,329,
333,193,348,193,333,329,348,329,
349,193,364,193,349,329,364,329,
365,193,380,193,365,329,380,329,
381,193,396,193,381,329,396,329,
397,193,412,193,397,329,412,329,
413,193,428,193,413,329,428,329,
429,193,444,193,429,329,444,329,
445,193,460,193,445,329,460,329,
