205,204,220,204,205,214,220,214,
221,204,236,204,221,214,236,214,
237,204,252,204,237,214,252,214,
253,204,268,204,253,214,268,214,
207,220,222,220,207,227,222,227,
223,220,238,220,223,227,238,227,
239,220,254,220,239,227,254,227,
255,220,270,220,255,227,270,227,
271,220,286,220,271,227,286,227,
291,219,306,219,291,226,306,226,
307,219,322,219,307,226,322,226,
323,219,338,219,323,226,338,226,
339,219,354,219,339,226,354,226,
356,218,371,218,356,227,371,227,
372,218,387,218,372,227,387,227,
388,218,403,218,388,227,403,227,
404,218,419,218,404,227,419,227,
420,218,435,218,420,227,435,227,
436,218,451,218,436,227,451,227,
452,218,467,218,452,227,467,227,
462,217,477,217,462,225,477,225,
478,217,493,217,478,225,493,225,
494,217,509,217,494,225,509,225,
510,217,525,217,510,225,525,225,
526,217,541,217,526,225,541,225,
542,217,557,217,542,225,557,225,
553,219,568,219,553,225,568,225,
568,216,583,216,568,225,583,225,
584,216,599,216,584,225,599,225,
600,216,615,216,600,225,615,225,
616,216,631,216,616,225,631,225,
632,216,647,216,632,225,647,225,
243,246,258,246,243,256,258,256,
259,246,274,246,259,256,274,256,
275,246,290,246,275,256,290,256,
291,246,306,246,291,256,306,256,
143,273,158,273,143,296,158,296,
159,273,174,273,159,296,174,296,
175,273,190,273,175,296,190,296,
191,273,206,273,191,296,206,296,
207,273,222,273,207,296,222,296,
223,273,238,273,223,296,238,296,
239,273,254,273,239,296,254,296,
255,273,270,273,255,296,270,296,
271,273,286,273,271,296,286,296,
287,273,302,273,287,296,302,296,
303,273,318,273,303,296,318,296,
319,273,334,273,319,296,334,296,
335,273,350,273,335,296,350,296,
351,273,366,273,351,296,366,296,
367,273,382,273,367,296,382,296,
239,312,254,312,239,441,254,441,
255,312,270,312,255,441,270,441,
271,312,286,312,271,441,286,441,
287,312,302,312,287,441,302,441,
303,312,318,312,303,441,318,441,
319,312,334,312,319,441,334,441,
303,245,318,245,303,255,318,255,
319,245,334,245,319,255,334,255,
335,245,350,245,335,255,350,255,
351,245,366,245,351,255,366,255,
367,245,382,245,367,255,382,255,
383,245,398,245,383,255,398,255,
398,243,413,243,398,255,413,255,
416,243,431,243,416,255,431,255,
432,243,447,243,432,255,447,255,
448,243,463,243,448,255,463,255,
464,243,479,243,464,255,479,255,
480,243,495,243,480,255,495,255,
496,243,511,243,496,255,511,255,
513,243,528,243,513,254,528,254,
529,243,544,243,529,254,544,254,
120,447,135,447,120,468,135,468,
137,476,152,476,137,497,152,497,
153,476,168,476,153,497,168,497,
169,476,184,476,169,497,184,497,
185,476,200,476,185,497,200,497,
201,476,216,476,201,497,216,497,
138,445,153,445,138,467,153,467,
154,445,169,445,154,467,169,467,
170,445,185,445,170,467,185,467,
186,445,201,445,186,467,201,467,
202,445,217,445,202,467,217,467,
231,443,246,443,231,465,246,465,
247,443,262,443,247,465,262,465,
263,443,278,443,263,465,278,465,
279,443,294,443,279,465,294,465,
295,443,310,443,295,465,310,465,
311,443,326,443,311,465,326,465,
229,472,244,472,229,495,244,495,
245,472,260,472,245,495,260,495,
261,472,276,472,261,495,276,495,
277,472,292,472,277,495,292,495,
293,472,308,472,293,495,308,495,
309,472,324,472,309,495,324,495,
389,267,404,267,389,294,404,294,
405,267,420,267,405,294,420,294,
421,267,436,267,421,294,436,294,
437,267,452,267,437,294,452,294,
453,267,468,267,453,294,468,294,
469,267,484,267,469,294,484,294,
485,267,500,267,485,294,500,294,
501,267,516,267,501,294,516,294,
517,267,532,267,517,294,532,294,
533,267,548,267,533,294,548,294,
549,267,564,267,549,294,564,294,
565,267,580,267,565,294,580,294,
581,267,596,267,581,294,596,294,
606,269,621,269,606,292,621,292,
622,269,637,269,622,292,637,292,
638,269,653,269,638,292,653,292,
446,318,461,318,446,327,461,327,
462,318,477,318,462,327,477,327,
477,317,492,317,477,327,492,327,
492,317,507,317,492,327,507,327,
508,317,523,317,508,327,523,327,
524,317,539,317,524,327,539,327,
539,316,554,316,539,328,554,328,
555,316,570,316,555,328,570,328,
434,334,449,334,434,344,449,344,
450,334,465,334,450,344,465,344,
463,333,478,333,463,343,478,343,
479,333,494,333,479,343,494,343,
392,349,407,349,392,360,407,360,
408,349,423,349,408,360,423,360,
424,349,439,349,424,360,439,360,
437,348,452,348,437,360,452,360,
453,348,468,348,453,360,468,360,
469,348,484,348,469,360,484,360,
485,348,500,348,485,360,500,360,
501,348,516,348,501,360,516,360,
517,348,532,348,517,360,532,360,
533,348,548,348,533,360,548,360,
549,348,564,348,549,360,564,360,
565,348,580,348,565,360,580,360,
581,348,596,348,581,360,596,360,
597,348,612,348,597,360,612,360,
613,348,628,348,613,360,628,360,
629,348,644,348,629,360,644,360,
645,348,660,348,645,360,660,360,
661,348,676,348,661,360,676,360,
566,316,581,316,566,327,581,327,
582,316,597,316,582,327,597,327,
598,316,613,316,598,327,613,327,
613,316,628,316,613,326,628,326,
629,316,644,316,629,326,644,326,
645,316,660,316,645,326,660,326,
491,332,506,332,491,344,506,344,
507,332,522,332,507,344,522,344,
523,332,538,332,523,344,538,344,
539,332,554,332,539,344,554,344,
549,332,564,332,549,342,564,342,
565,332,580,332,565,342,580,342,
580,332,595,332,580,343,595,343,
596,332,611,332,596,343,611,343,
615,332,630,332,615,343,630,343,
631,332,646,332,631,343,646,343,
647,332,662,332,647,343,662,343,
453,381,468,381,453,392,468,392,
469,381,484,381,469,392,484,392,
485,381,500,381,485,392,500,392,
502,379,517,379,502,392,517,392,
518,379,533,379,518,392,533,392,
534,379,549,379,534,392,549,392,
502,396,517,396,502,407,517,407,
518,396,533,396,518,407,533,407,
500,410,515,410,500,424,515,424,
516,410,531,410,516,424,531,424,
532,410,547,410,532,424,547,424,
548,410,563,410,548,424,563,424,
361,457,376,457,361,470,376,470,
377,457,392,457,377,470,392,470,
393,457,408,457,393,470,408,470,
409,457,424,457,409,470,424,470,
425,457,440,457,425,470,440,470,
441,457,456,457,441,470,456,470,
457,457,472,457,457,470,472,470,
471,458,486,458,471,469,486,469,
487,458,502,458,487,469,502,469,
503,458,518,458,503,469,518,469,
529,400,544,400,529,402,544,402,
533,395,548,395,533,407,548,407,
549,395,564,395,549,407,564,407,
565,395,580,395,565,407,580,407,
506,430,521,430,506,442,521,442,
522,430,537,430,522,442,537,442,
534,434,549,434,534,436,549,436,
518,457,533,457,518,468,533,468,
534,457,549,457,534,468,549,468,
540,430,555,430,540,442,555,442,
556,430,571,430,556,442,571,442,
572,430,587,430,572,442,587,442,
547,379,562,379,547,390,562,390,
563,379,578,379,563,390,578,390,
579,379,594,379,579,390,594,390,
595,379,610,379,595,390,610,390,
580,395,595,395,580,407,595,407,
550,456,565,456,550,471,565,471,
566,456,581,456,566,471,581,471,
582,456,597,456,582,471,597,471,
608,382,623,382,608,390,623,390,
618,378,633,378,618,390,633,390,
634,378,649,378,634,390,649,390,
650,378,665,378,650,390,665,390,
666,378,681,378,666,390,681,390,
561,484,576,484,561,496,576,496,
577,484,592,484,577,496,592,496,
593,484,608,484,593,496,608,496,
595,457,610,457,595,472,610,472,
611,457,626,457,611,472,626,472,
627,457,642,457,627,472,642,472,
643,457,658,457,643,472,658,472,
659,457,674,457,659,472,674,472,
675,457,690,457,675,472,690,472,
691,457,706,457,691,472,706,472,
589,395,604,395,589,406,604,406,
605,395,620,395,605,406,620,406,
621,395,636,395,621,406,636,406,
626,399,641,399,626,402,641,402,
601,484,616,484,601,494,616,494,
617,484,632,484,617,494,632,494,
631,395,646,395,631,406,646,406,
647,395,662,395,647,406,662,406,
663,395,678,395,663,406,678,406,
625,483,640,483,625,494,640,494,
641,483,656,483,641,494,656,494,
652,484,667,484,652,494,667,494,
668,484,683,484,668,494,683,494,
684,484,699,484,684,494,699,494,
