115,132,130,132,115,161,130,161,
131,132,146,132,131,161,146,161,
147,132,162,132,147,161,162,161,
163,132,178,132,163,161,178,161,
179,132,194,132,179,161,194,161,
195,132,210,132,195,161,210,161,
364,184,379,184,364,239,379,239,
380,184,395,184,380,239,395,239,
396,184,411,184,396,239,411,239,
412,184,427,184,412,239,427,239,
428,184,443,184,428,239,443,239,
444,184,459,184,444,239,459,239,
460,184,475,184,460,239,475,239,
476,184,491,184,476,239,491,239,
492,184,507,184,492,239,507,239,
80,331,95,331,80,408,95,408,
96,331,111,331,96,408,111,408,
112,331,127,331,112,408,127,408,
128,331,143,331,128,408,143,408,
144,331,159,331,144,408,159,408,
160,331,175,331,160,408,175,408,
230,328,245,328,230,434,245,434,
246,328,261,328,246,434,261,434,
262,328,277,328,262,434,277,434,
278,328,293,328,278,434,293,434,
294,328,309,328,294,434,309,434,
310,328,325,328,310,434,325,434,
326,328,341,328,326,434,341,434,
342,328,357,328,342,434,357,434,
358,328,373,328,358,434,373,434,
374,328,389,328,374,434,389,434,
390,328,405,328,390,434,405,434,
406,328,421,328,406,434,421,434,
422,328,437,328,422,434,437,434,
438,328,453,328,438,434,453,434,
454,328,469,328,454,434,469,434,
470,328,485,328,470,434,485,434,
486,328,501,328,486,434,501,434,
502,328,517,328,502,434,517,434,
518,328,533,328,518,434,533,434,
534,328,549,328,534,434,549,434,
550,328,565,328,550,434,565,434,
566,328,581,328,566,434,581,434,
582,328,597,328,582,434,597,434,
598,328,613,328,598,434,613,434,
614,328,629,328,614,434,629,434,
630,328,645,328,630,434,645,434,
646,328,661,328,646,434,661,434,
662,328,677,328,662,434,677,434,
678,328,693,328,678,434,693,434,
694,328,709,328,694,434,709,434,
710,328,725,328,710,434,725,434,
726,328,741,328,726,434,741,434,
742,328,757,328,742,434,757,434,
758,328,773,328,758,434,773,434,
774,328,789,328,774,434,789,434,
