175,306,190,306,175,339,190,339,
191,306,206,306,191,339,206,339,
207,306,222,306,207,339,222,339,
223,306,238,306,223,339,238,339,
239,306,254,306,239,339,254,339,
255,306,270,306,255,339,270,339,
271,306,286,306,271,339,286,339,
39,361,54,361,39,379,54,379,
55,361,70,361,55,379,70,379,
71,361,86,361,71,379,86,379,
87,361,102,361,87,379,102,379,
103,361,118,361,103,379,118,379,
119,361,134,361,119,379,134,379,
135,361,150,361,135,379,150,379,
151,361,166,361,151,379,166,379,
167,361,182,361,167,379,182,379,
183,361,198,361,183,379,198,379,
199,361,214,361,199,379,214,379,
210,364,225,364,210,382,225,382,
226,364,241,364,226,382,241,382,
242,364,257,364,242,382,257,382,
258,364,273,364,258,382,273,382,
274,364,289,364,274,382,289,382,
290,364,305,364,290,382,305,382,
306,364,321,364,306,382,321,382,
423,309,438,309,423,329,438,329,
439,309,454,309,439,329,454,329,
455,309,470,309,455,329,470,329,
474,310,489,310,474,330,489,330,
490,310,505,310,490,330,505,330,
506,310,521,310,506,330,521,330,
