176,99,191,99,176,207,191,207,
192,99,207,99,192,207,207,207,
208,99,223,99,208,207,223,207,
224,99,239,99,224,207,239,207,
240,99,255,99,240,207,255,207,
256,99,271,99,256,207,271,207,
272,99,287,99,272,207,287,207,
288,99,303,99,288,207,303,207,
304,99,319,99,304,207,319,207,
320,99,335,99,320,207,335,207,
336,99,351,99,336,207,351,207,
352,99,367,99,352,207,367,207,
368,99,383,99,368,207,383,207,
384,99,399,99,384,207,399,207,
400,99,415,99,400,207,415,207,
416,99,431,99,416,207,431,207,
432,99,447,99,432,207,447,207,
448,99,463,99,448,207,463,207,
464,99,479,99,464,207,479,207,
480,99,495,99,480,207,495,207,
496,99,511,99,496,207,511,207,
512,99,527,99,512,207,527,207,
528,99,543,99,528,207,543,207,
544,99,559,99,544,207,559,207,
560,99,575,99,560,207,575,207,
576,99,591,99,576,207,591,207,
592,99,607,99,592,207,607,207,
608,99,623,99,608,207,623,207,
624,99,639,99,624,207,639,207,
640,99,655,99,640,207,655,207,
656,99,671,99,656,207,671,207,
672,99,687,99,672,207,687,207,
688,99,703,99,688,207,703,207,
704,99,719,99,704,207,719,207,
