91,60,106,60,91,132,106,132,
107,60,122,60,107,132,122,132,
123,60,138,60,123,132,138,132,
139,60,154,60,139,132,154,132,
155,60,170,60,155,132,170,132,
171,60,186,60,171,132,186,132,
187,60,202,60,187,132,202,132,
203,60,218,60,203,132,218,132,
219,60,234,60,219,132,234,132,
235,60,250,60,235,132,250,132,
251,60,266,60,251,132,266,132,
267,60,282,60,267,132,282,132,
283,60,298,60,283,132,298,132,
299,60,314,60,299,132,314,132,
339,65,354,65,339,132,354,132,
355,65,370,65,355,132,370,132,
371,65,386,65,371,132,386,132,
387,65,402,65,387,132,402,132,
403,65,418,65,403,132,418,132,
419,65,434,65,419,132,434,132,
435,65,450,65,435,132,450,132,
451,65,466,65,451,132,466,132,
467,65,482,65,467,132,482,132,
98,199,113,199,98,259,113,259,
114,199,129,199,114,259,129,259,
130,199,145,199,130,259,145,259,
146,199,161,199,146,259,161,259,
162,199,177,199,162,259,177,259,
178,199,193,199,178,259,193,259,
194,199,209,199,194,259,209,259,
210,199,225,199,210,259,225,259,
226,199,241,199,226,259,241,259,
242,199,257,199,242,259,257,259,
258,199,273,199,258,259,273,259,
274,199,289,199,274,259,289,259,
290,199,305,199,290,259,305,259,
319,219,334,219,319,258,334,258,
335,219,350,219,335,258,350,258,
351,219,366,219,351,258,366,258,
367,219,382,219,367,258,382,258,
383,219,398,219,383,258,398,258,
399,219,414,219,399,258,414,258,
415,219,430,219,415,258,430,258,
431,219,446,219,431,258,446,258,
447,219,462,219,447,258,462,258,
463,219,478,219,463,258,478,258,
24,541,39,541,24,561,39,561,
40,541,55,541,40,561,55,561,
56,541,71,541,56,561,71,561,
72,541,87,541,72,561,87,561,
1,544,16,544,1,561,16,561,
17,544,32,544,17,561,32,561,
10,437,25,437,10,453,25,453,
26,437,41,437,26,453,41,453,
42,437,57,437,42,453,57,453,
54,437,69,437,54,452,69,452,
70,437,85,437,70,452,85,452,
45,359,60,359,45,372,60,372,
61,359,76,359,61,372,76,372,
64,295,79,295,64,308,79,308,
80,295,95,295,80,308,95,308,
1,357,16,357,1,374,16,374,
17,357,32,357,17,374,32,374,
33,357,48,357,33,374,48,374,
35,294,50,294,35,309,50,309,
51,294,66,294,51,309,66,309,
1,437,16,437,1,455,16,455,
