43,171,58,171,43,501,58,501,
59,171,74,171,59,501,74,501,
75,171,90,171,75,501,90,501,
91,171,106,171,91,501,106,501,
107,171,122,171,107,501,122,501,
123,171,138,171,123,501,138,501,
139,171,154,171,139,501,154,501,
155,171,170,171,155,501,170,501,
171,171,186,171,171,501,186,501,
187,171,202,171,187,501,202,501,
203,171,218,171,203,501,218,501,
219,171,234,171,219,501,234,501,
235,171,250,171,235,501,250,501,
251,171,266,171,251,501,266,501,
267,171,282,171,267,501,282,501,
283,171,298,171,283,501,298,501,
299,171,314,171,299,501,314,501,
315,171,330,171,315,501,330,501,
331,171,346,171,331,501,346,501,
347,171,362,171,347,501,362,501,
363,171,378,171,363,501,378,501,
379,171,394,171,379,501,394,501,
395,171,410,171,395,501,410,501,
411,171,426,171,411,501,426,501,
427,171,442,171,427,501,442,501,
443,171,458,171,443,501,458,501,
459,171,474,171,459,501,474,501,
475,171,490,171,475,501,490,501,
491,171,506,171,491,501,506,501,
507,171,522,171,507,501,522,501,
523,171,538,171,523,501,538,501,
539,171,554,171,539,501,554,501,
555,171,570,171,555,501,570,501,
571,171,586,171,571,501,586,501,
587,171,602,171,587,501,602,501,
603,171,618,171,603,501,618,501,
619,171,634,171,619,501,634,501,
635,171,650,171,635,501,650,501,
651,171,666,171,651,501,666,501,
667,171,682,171,667,501,682,501,
683,171,698,171,683,501,698,501,
699,171,714,171,699,501,714,501,
715,171,730,171,715,501,730,501,
731,171,746,171,731,501,746,501,
747,171,762,171,747,501,762,501,
763,171,778,171,763,501,778,501,
779,171,794,171,779,501,794,501,
795,171,810,171,795,501,810,501,
811,171,826,171,811,501,826,501,
827,171,842,171,827,501,842,501,
843,171,858,171,843,501,858,501,
859,171,874,171,859,501,874,501,
875,171,890,171,875,501,890,501,
891,171,906,171,891,501,906,501,
907,171,922,171,907,501,922,501,
