114,273,129,273,114,329,129,329,
130,273,145,273,130,329,145,329,
146,273,161,273,146,329,161,329,
162,273,177,273,162,329,177,329,
178,273,193,273,178,329,193,329,
194,273,209,273,194,329,209,329,
210,273,225,273,210,329,225,329,
226,273,241,273,226,329,241,329,
242,273,257,273,242,329,257,329,
258,273,273,273,258,329,273,329,
334,268,349,268,334,326,349,326,
350,268,365,268,350,326,365,326,
366,268,381,268,366,326,381,326,
382,268,397,268,382,326,397,326,
398,268,413,268,398,326,413,326,
414,268,429,268,414,326,429,326,
430,268,445,268,430,326,445,326,
446,268,461,268,446,326,461,326,
462,268,477,268,462,326,477,326,
478,268,493,268,478,326,493,326,
266,327,281,327,266,336,281,336,
282,327,297,327,282,336,297,336,
298,327,313,327,298,336,313,336,
314,327,329,327,314,336,329,336,
277,275,292,275,277,317,292,317,
293,275,308,275,293,317,308,317,
309,275,324,275,309,317,324,317,
