337,232,352,232,337,327,352,327,
353,232,368,232,353,327,368,327,
369,232,384,232,369,327,384,327,
385,232,400,232,385,327,400,327,
401,232,416,232,401,327,416,327,
417,232,432,232,417,327,432,327,
433,232,448,232,433,327,448,327,
449,232,464,232,449,327,464,327,
465,232,480,232,465,327,480,327,
481,232,496,232,481,327,496,327,
497,232,512,232,497,327,512,327,
513,232,528,232,513,327,528,327,
529,232,544,232,529,327,544,327,
545,232,560,232,545,327,560,327,
561,232,576,232,561,327,576,327,
577,232,592,232,577,327,592,327,
593,232,608,232,593,327,608,327,
609,232,624,232,609,327,624,327,
625,232,640,232,625,327,640,327,
