263,439,278,439,263,451,278,451,
279,439,294,439,279,451,294,451,
295,439,310,439,295,451,310,451,
311,439,326,439,311,451,326,451,
327,439,342,439,327,451,342,451,
343,439,358,439,343,451,358,451,
358,442,373,442,358,451,373,451,
374,442,389,442,374,451,389,451,
390,442,405,442,390,451,405,451,
406,442,421,442,406,451,421,451,
420,438,435,438,420,453,435,453,
436,438,451,438,436,453,451,453,
452,438,467,438,452,453,467,453,
468,438,483,438,468,453,483,453,
479,443,494,443,479,453,494,453,
495,443,510,443,495,453,510,453,
511,441,526,441,511,454,526,454,
527,441,542,441,527,454,542,454,
543,441,558,441,543,454,558,454,
559,441,574,441,559,454,574,454,
575,441,590,441,575,454,590,454,
591,441,606,441,591,454,606,454,
247,442,262,442,247,451,262,451,
170,438,185,438,170,451,185,451,
186,438,201,438,186,451,201,451,
202,438,217,438,202,451,217,451,
218,438,233,438,218,451,233,451,
234,438,249,438,234,451,249,451,
71,473,86,473,71,502,86,502,
87,473,102,473,87,502,102,502,
103,473,118,473,103,502,118,502,
119,473,134,473,119,502,134,502,
135,473,150,473,135,502,150,502,
151,473,166,473,151,502,166,502,
167,473,182,473,167,502,182,502,
183,473,198,473,183,502,198,502,
199,473,214,473,199,502,214,502,
215,473,230,473,215,502,230,502,
231,473,246,473,231,502,246,502,
255,481,270,481,255,502,270,502,
271,481,286,481,271,502,286,502,
287,481,302,481,287,502,302,502,
313,481,328,481,313,508,328,508,
329,481,344,481,329,508,344,508,
345,481,360,481,345,508,360,508,
361,481,376,481,361,508,376,508,
377,481,392,481,377,508,392,508,
393,481,408,481,393,508,408,508,
409,481,424,481,409,508,424,508,
425,481,440,481,425,508,440,508,
441,481,456,481,441,508,456,508,
457,481,472,481,457,508,472,508,
473,481,488,481,473,508,488,508,
489,481,504,481,489,508,504,508,
505,481,520,481,505,508,520,508,
521,481,536,481,521,508,536,508,
537,481,552,481,537,508,552,508,
553,481,568,481,553,508,568,508,
569,481,584,481,569,508,584,508,
585,481,600,481,585,508,600,508,
601,481,616,481,601,508,616,508,
617,481,632,481,617,508,632,508,
633,481,648,481,633,508,648,508,
649,481,664,481,649,508,664,508,
665,481,680,481,665,508,680,508,
681,481,696,481,681,508,696,508,
697,481,712,481,697,508,712,508,
72,518,87,518,72,532,87,532,
157,522,172,522,157,531,172,531,
172,518,187,518,172,531,187,531,
191,518,206,518,191,535,206,535,
207,518,222,518,207,535,222,535,
223,518,238,518,223,535,238,535,
239,518,254,518,239,535,254,535,
255,518,270,518,255,535,270,535,
212,540,227,540,212,554,227,554,
228,540,243,540,228,554,243,554,
244,540,259,540,244,554,259,554,
260,540,275,540,260,554,275,554,
276,540,291,540,276,554,291,554,
292,540,307,540,292,554,307,554,
277,518,292,518,277,535,292,535,
293,518,308,518,293,535,308,535,
309,518,324,518,309,535,324,535,
325,518,340,518,325,535,340,535,
341,518,356,518,341,535,356,535,
363,522,378,522,363,532,378,532,
379,522,394,522,379,532,394,532,
395,522,410,522,395,532,410,532,
413,522,428,522,413,532,428,532,
429,522,444,522,429,532,444,532,
425,540,440,540,425,554,440,554,
440,545,455,545,440,555,455,555,
456,545,471,545,456,555,471,555,
446,518,461,518,446,533,461,533,
462,518,477,518,462,533,477,533,
478,518,493,518,478,533,493,533,
493,520,508,520,493,537,508,537,
509,520,524,520,509,537,524,537,
525,520,540,520,525,537,540,537,
541,520,556,520,541,537,556,537,
557,520,572,520,557,537,572,537,
573,520,588,520,573,537,588,537,
469,543,484,543,469,563,484,563,
485,543,500,543,485,563,500,563,
501,543,516,543,501,563,516,563,
517,543,532,543,517,563,532,563,
533,543,548,543,533,563,548,563,
549,543,564,543,549,563,564,563,
590,524,605,524,590,538,605,538,
606,524,621,524,606,538,621,538,
566,543,581,543,566,556,581,556,
582,543,597,543,582,556,597,556,
605,543,620,543,605,558,620,558,
621,543,636,543,621,558,636,558,
637,543,652,543,637,558,652,558,
653,543,668,543,653,558,668,558,
669,543,684,543,669,558,684,558,
622,522,637,522,622,534,637,534,
638,522,653,522,638,534,653,534,
648,522,663,522,648,535,663,535,
664,522,679,522,664,535,679,535,
680,522,695,522,680,535,695,535,
696,522,711,522,696,535,711,535,
443,565,458,565,443,579,458,579,
459,565,474,565,459,579,474,579,
475,566,490,566,475,579,490,579,
491,566,506,566,491,579,506,579,
507,566,522,566,507,579,522,579,
253,563,268,563,253,578,268,578,
269,563,284,563,269,578,284,578,
284,563,299,563,284,578,299,578,
300,563,315,563,300,578,315,578,
316,563,331,563,316,578,331,578,
332,563,347,563,332,578,347,578,
348,563,363,563,348,578,363,578,
364,563,379,563,364,578,379,578,
380,563,395,563,380,578,395,578,
396,563,411,563,396,578,411,578,
412,563,427,563,412,578,427,578,
428,563,443,563,428,578,443,578,
311,541,326,541,311,555,326,555,
327,541,342,541,327,555,342,555,
343,541,358,541,343,555,358,555,
359,541,374,541,359,555,374,555,
375,541,390,541,375,555,390,555,
391,541,406,541,391,555,406,555,
407,541,422,541,407,555,422,555,
89,540,104,540,89,554,104,554,
105,540,120,540,105,554,120,554,
121,540,136,540,121,554,136,554,
137,540,152,540,137,554,152,554,
153,540,168,540,153,554,168,554,
169,540,184,540,169,554,184,554,
185,540,200,540,185,554,200,554,
201,540,216,540,201,554,216,554,
81,517,96,517,81,536,96,536,
97,517,112,517,97,536,112,536,
113,517,128,517,113,536,128,536,
129,517,144,517,129,536,144,536,
145,517,160,517,145,536,160,536,
373,399,388,399,373,413,388,413,
393,385,408,385,393,397,408,397,
