33,260,48,260,33,354,48,354,
49,260,64,260,49,354,64,354,
65,260,80,260,65,354,80,354,
81,260,96,260,81,354,96,354,
97,260,112,260,97,354,112,354,
113,260,128,260,113,354,128,354,
129,260,144,260,129,354,144,354,
145,260,160,260,145,354,160,354,
161,260,176,260,161,354,176,354,
177,260,192,260,177,354,192,354,
193,260,208,260,193,354,208,354,
209,260,224,260,209,354,224,354,
225,260,240,260,225,354,240,354,
241,260,256,260,241,354,256,354,
257,260,272,260,257,354,272,354,
273,260,288,260,273,354,288,354,
289,260,304,260,289,354,304,354,
305,260,320,260,305,354,320,354,
38,440,53,440,38,531,53,531,
54,440,69,440,54,531,69,531,
70,440,85,440,70,531,85,531,
86,440,101,440,86,531,101,531,
102,440,117,440,102,531,117,531,
118,440,133,440,118,531,133,531,
134,440,149,440,134,531,149,531,
150,440,165,440,150,531,165,531,
166,440,181,440,166,531,181,531,
182,440,197,440,182,531,197,531,
198,440,213,440,198,531,213,531,
18,188,33,188,18,229,33,229,
34,188,49,188,34,229,49,229,
50,188,65,188,50,229,65,229,
66,188,81,188,66,229,81,229,
82,188,97,188,82,229,97,229,
98,188,113,188,98,229,113,229,
114,188,129,188,114,229,129,229,
130,188,145,188,130,229,145,229,
146,188,161,188,146,229,161,229,
162,188,177,188,162,229,177,229,
178,188,193,188,178,229,193,229,
194,188,209,188,194,229,209,229,
210,188,225,188,210,229,225,229,
226,188,241,188,226,229,241,229,
242,188,257,188,242,229,257,229,
366,252,381,252,366,349,381,349,
382,252,397,252,382,349,397,349,
398,252,413,252,398,349,413,349,
414,252,429,252,414,349,429,349,
430,252,445,252,430,349,445,349,
446,252,461,252,446,349,461,349,
462,252,477,252,462,349,477,349,
478,252,493,252,478,349,493,349,
260,196,275,196,260,221,275,221,
276,196,291,196,276,221,291,221,
292,196,307,196,292,221,307,221,
298,199,313,199,298,214,313,214,
314,199,329,199,314,214,329,214,
330,199,345,199,330,214,345,214,
346,199,361,199,346,214,361,214,
355,198,370,198,355,214,370,214,
371,198,386,198,371,214,386,214,
383,199,398,199,383,213,398,213,
399,199,414,199,399,213,414,213,
415,199,430,199,415,213,430,213,
431,199,446,199,431,213,446,213,
447,199,462,199,447,213,462,213,
463,199,478,199,463,213,478,213,
476,218,491,218,476,227,491,227,
492,218,507,218,492,227,507,227,
495,58,510,58,495,90,510,90,
511,58,526,58,511,90,526,90,
527,58,542,58,527,90,542,90,
543,58,558,58,543,90,558,90,
481,42,496,42,481,54,496,54,
497,42,512,42,497,54,512,54,
513,42,528,42,513,54,528,54,
529,42,544,42,529,54,544,54,
545,42,560,42,545,54,560,54,
536,343,551,343,536,358,551,358,
548,345,563,345,548,357,563,357,
550,412,565,412,550,425,565,425,
46,752,61,752,46,771,61,771,
62,752,77,752,62,771,77,771,
78,752,93,752,78,771,93,771,
94,752,109,752,94,771,109,771,
153,746,168,746,153,764,168,764,
169,746,184,746,169,764,184,764,
44,765,59,765,44,791,59,791,
60,765,75,765,60,791,75,791,
76,765,91,765,76,791,91,791,
92,765,107,765,92,791,107,791,
108,765,123,765,108,791,123,791,
124,765,139,765,124,791,139,791,
140,765,155,765,140,791,155,791,
156,765,171,765,156,791,171,791,
172,765,187,765,172,791,187,791,
45,785,60,785,45,810,60,810,
61,785,76,785,61,810,76,810,
77,785,92,785,77,810,92,810,
93,785,108,785,93,810,108,810,
109,785,124,785,109,810,124,810,
125,785,140,785,125,810,140,810,
141,785,156,785,141,810,156,810,
157,785,172,785,157,810,172,810,
173,785,188,785,173,810,188,810,
42,843,57,843,42,874,57,874,
58,843,73,843,58,874,73,874,
74,843,89,843,74,874,89,874,
90,843,105,843,90,874,105,874,
106,843,121,843,106,874,121,874,
122,843,137,843,122,874,137,874,
138,843,153,843,138,874,153,874,
154,843,169,843,154,874,169,874,
170,843,185,843,170,874,185,874,
186,843,201,843,186,874,201,874,
202,843,217,843,202,874,217,874,
218,843,233,843,218,874,233,874,
234,843,249,843,234,874,249,874,
207,764,222,764,207,788,222,788,
223,764,238,764,223,788,238,788,
222,798,237,798,222,811,237,811,
238,798,253,798,238,811,253,811,
215,791,230,791,215,803,230,803,
231,791,246,791,231,803,246,803,
247,791,262,791,247,803,262,803,
230,764,245,764,230,770,245,770,
237,762,252,762,237,782,252,782,
253,762,268,762,253,782,268,782,
346,815,361,815,346,847,361,847,
362,815,377,815,362,847,377,847,
378,815,393,815,378,847,393,847,
394,815,409,815,394,847,409,847,
410,815,425,815,410,847,425,847,
426,815,441,815,426,847,441,847,
442,815,457,815,442,847,457,847,
458,815,473,815,458,847,473,847,
474,815,489,815,474,847,489,847,
490,815,505,815,490,847,505,847,
39,582,54,582,39,709,54,709,
55,582,70,582,55,709,70,709,
71,582,86,582,71,709,86,709,
87,582,102,582,87,709,102,709,
103,582,118,582,103,709,118,709,
119,582,134,582,119,709,134,709,
135,582,150,582,135,709,150,709,
151,582,166,582,151,709,166,709,
167,582,182,582,167,709,182,709,
183,582,198,582,183,709,198,709,
199,582,214,582,199,709,214,709,
215,582,230,582,215,709,230,709,
231,582,246,582,231,709,246,709,
247,582,262,582,247,709,262,709,
263,582,278,582,263,709,278,709,
279,582,294,582,279,709,294,709,
295,582,310,582,295,709,310,709,
311,582,326,582,311,709,326,709,
327,582,342,582,327,709,342,709,
343,582,358,582,343,709,358,709,
359,582,374,582,359,709,374,709,
375,582,390,582,375,709,390,709,
391,582,406,582,391,709,406,709,
407,582,422,582,407,709,422,709,
423,582,438,582,423,709,438,709,
439,582,454,582,439,709,454,709,
455,582,470,582,455,709,470,709,
471,582,486,582,471,709,486,709,
487,582,502,582,487,709,502,709,
304,422,319,422,304,527,319,527,
320,422,335,422,320,527,335,527,
336,422,351,422,336,527,351,527,
352,422,367,422,352,527,367,527,
368,422,383,422,368,527,383,527,
384,422,399,422,384,527,399,527,
400,422,415,422,400,527,415,527,
416,422,431,422,416,527,431,527,
432,422,447,422,432,527,447,527,
448,422,463,422,448,527,463,527,
464,422,479,422,464,527,479,527,
480,422,495,422,480,527,495,527,
277,739,292,739,277,756,292,756,
277,758,292,758,277,774,292,774,
301,753,316,753,301,772,316,772,
317,753,332,753,317,772,332,772,
333,753,348,753,333,772,348,772,
349,753,364,753,349,772,364,772,
292,734,307,734,292,755,307,755,
308,734,323,734,308,755,323,755,
324,734,339,734,324,755,339,755,
340,734,355,734,340,755,355,755,
356,734,371,734,356,755,371,755,
364,731,379,731,364,750,379,750,
380,731,395,731,380,750,395,750,
396,731,411,731,396,750,411,750,
365,749,380,749,365,768,380,768,
381,749,396,749,381,768,396,768,
397,749,412,749,397,768,412,768,
