465,505,480,505,465,546,480,546,
481,505,496,505,481,546,496,546,
497,505,512,505,497,546,512,546,
513,505,528,505,513,546,528,546,
529,505,544,505,529,546,544,546,
545,505,560,505,545,546,560,546,
561,505,576,505,561,546,576,546,
577,505,592,505,577,546,592,546,
593,505,608,505,593,546,608,546,
609,505,624,505,609,546,624,546,
625,505,640,505,625,546,640,546,
641,505,656,505,641,546,656,546,
657,505,672,505,657,546,672,546,
673,505,688,505,673,546,688,546,
689,505,704,505,689,546,704,546,
705,505,720,505,705,546,720,546,
305,502,320,502,305,549,320,549,
321,502,336,502,321,549,336,549,
337,502,352,502,337,549,352,549,
353,502,368,502,353,549,368,549,
369,502,384,502,369,549,384,549,
385,502,400,502,385,549,400,549,
401,502,416,502,401,549,416,549,
417,502,432,502,417,549,432,549,
433,502,448,502,433,549,448,549,
195,501,210,501,195,536,210,536,
211,501,226,501,211,536,226,536,
227,501,242,501,227,536,242,536,
243,501,258,501,243,536,258,536,
259,501,274,501,259,536,274,536,
275,501,290,501,275,536,290,536,
603,452,618,452,603,486,618,486,
619,452,634,452,619,486,634,486,
635,452,650,452,635,486,650,486,
651,452,666,452,651,486,666,486,
667,452,682,452,667,486,682,486,
683,452,698,452,683,486,698,486,
460,439,475,439,460,484,475,484,
476,439,491,439,476,484,491,484,
492,439,507,439,492,484,507,484,
508,439,523,439,508,484,523,484,
524,439,539,439,524,484,539,484,
540,439,555,439,540,484,555,484,
556,439,571,439,556,484,571,484,
572,439,587,439,572,484,587,484,
327,436,342,436,327,479,342,479,
343,436,358,436,343,479,358,479,
359,436,374,436,359,479,374,479,
375,436,390,436,375,479,390,479,
391,436,406,436,391,479,406,479,
407,436,422,436,407,479,422,479,
423,436,438,436,423,479,438,479,
217,431,232,431,217,477,232,477,
233,431,248,431,233,477,248,477,
249,431,264,431,249,477,264,477,
265,431,280,431,265,477,280,477,
281,431,296,431,281,477,296,477,
297,431,312,431,297,477,312,477,
487,379,502,379,487,426,502,426,
503,379,518,379,503,426,518,426,
519,379,534,379,519,426,534,426,
535,379,550,379,535,426,550,426,
551,379,566,379,551,426,566,426,
567,379,582,379,567,426,582,426,
583,379,598,379,583,426,598,426,
599,379,614,379,599,426,614,426,
615,379,630,379,615,426,630,426,
631,379,646,379,631,426,646,426,
647,379,662,379,647,426,662,426,
663,379,678,379,663,426,678,426,
679,379,694,379,679,426,694,426,
695,379,710,379,695,426,710,426,
711,379,726,379,711,426,726,426,
283,375,298,375,283,419,298,419,
299,375,314,375,299,419,314,419,
315,375,330,375,315,419,330,419,
331,375,346,375,331,419,346,419,
347,375,362,375,347,419,362,419,
363,375,378,375,363,419,378,419,
379,375,394,375,379,419,394,419,
395,375,410,375,395,419,410,419,
411,375,426,375,411,419,426,419,
427,375,442,375,427,419,442,419,
443,375,458,375,443,419,458,419,
459,375,474,375,459,419,474,419,
193,373,208,373,193,415,208,415,
209,373,224,373,209,415,224,415,
225,373,240,373,225,415,240,415,
241,373,256,373,241,415,256,415,
257,373,272,373,257,415,272,415,
522,281,537,281,522,322,537,322,
538,281,553,281,538,322,553,322,
554,281,569,281,554,322,569,322,
570,281,585,281,570,322,585,322,
586,281,601,281,586,322,601,322,
602,281,617,281,602,322,617,322,
618,281,633,281,618,322,633,322,
634,281,649,281,634,322,649,322,
447,279,462,279,447,320,462,320,
463,279,478,279,463,320,478,320,
479,279,494,279,479,320,494,320,
495,279,510,279,495,320,510,320,
300,278,315,278,300,317,315,317,
316,278,331,278,316,317,331,317,
332,278,347,278,332,317,347,317,
348,278,363,278,348,317,363,317,
364,278,379,278,364,317,379,317,
380,278,395,278,380,317,395,317,
396,278,411,278,396,317,411,317,
412,278,427,278,412,317,427,317,
428,278,443,278,428,317,443,317,
767,152,782,152,767,173,782,173,
783,152,798,152,783,173,798,173,
320,150,335,150,320,269,335,269,
336,150,351,150,336,269,351,269,
352,150,367,150,352,269,367,269,
368,150,383,150,368,269,383,269,
384,150,399,150,384,269,399,269,
400,150,415,150,400,269,415,269,
416,150,431,150,416,269,431,269,
432,150,447,150,432,269,447,269,
448,150,463,150,448,269,463,269,
464,150,479,150,464,269,479,269,
480,150,495,150,480,269,495,269,
496,150,511,150,496,269,511,269,
512,150,527,150,512,269,527,269,
528,150,543,150,528,269,543,269,
544,150,559,150,544,269,559,269,
560,150,575,150,560,269,575,269,
576,150,591,150,576,269,591,269,
592,150,607,150,592,269,607,269,
608,150,623,150,608,269,623,269,
624,150,639,150,624,269,639,269,
640,150,655,150,640,269,655,269,
656,150,671,150,656,269,671,269,
672,150,687,150,672,269,687,269,
688,150,703,150,688,269,703,269,
704,150,719,150,704,269,719,269,
720,150,735,150,720,269,735,269,
