161,150,176,150,161,197,176,197,
177,150,192,150,177,197,192,197,
193,150,208,150,193,197,208,197,
209,150,224,150,209,197,224,197,
225,150,240,150,225,197,240,197,
241,150,256,150,241,197,256,197,
257,150,272,150,257,197,272,197,
273,150,288,150,273,197,288,197,
111,209,126,209,111,244,126,244,
127,209,142,209,127,244,142,244,
143,209,158,209,143,244,158,244,
159,209,174,209,159,244,174,244,
175,209,190,209,175,244,190,244,
191,209,206,209,191,244,206,244,
207,209,222,209,207,244,222,244,
223,209,238,209,223,244,238,244,
239,209,254,209,239,244,254,244,
255,209,270,209,255,244,270,244,
271,209,286,209,271,244,286,244,
287,209,302,209,287,244,302,244,
303,209,318,209,303,244,318,244,
319,209,334,209,319,244,334,244,
335,209,350,209,335,244,350,244,
137,295,152,295,137,324,152,324,
153,295,168,295,153,324,168,324,
169,295,184,295,169,324,184,324,
185,295,200,295,185,324,200,324,
201,295,216,295,201,324,216,324,
217,295,232,295,217,324,232,324,
233,295,248,295,233,324,248,324,
249,295,264,295,249,324,264,324,
265,295,280,295,265,324,280,324,
281,295,296,295,281,324,296,324,
297,295,312,295,297,324,312,324,
117,328,132,328,117,344,132,344,
133,328,148,328,133,344,148,344,
149,328,164,328,149,344,164,344,
163,329,178,329,163,347,178,347,
179,329,194,329,179,347,194,347,
195,329,210,329,195,347,210,347,
211,329,226,329,211,347,226,347,
227,329,242,329,227,347,242,347,
239,335,254,335,239,351,254,351,
255,335,270,335,255,351,270,351,
271,335,286,335,271,351,286,351,
285,336,300,336,285,350,300,350,
301,336,316,336,301,350,316,350,
317,336,332,336,317,350,332,350,
333,336,348,336,333,350,348,350,
358,130,373,130,358,171,373,171,
374,130,389,130,374,171,389,171,
390,130,405,130,390,171,405,171,
432,139,447,139,432,161,447,161,
448,139,463,139,448,161,463,161,
464,139,479,139,464,161,479,161,
480,139,495,139,480,161,495,161,
519,141,534,141,519,159,534,159,
535,141,550,141,535,159,550,159,
551,141,566,141,551,159,566,159,
567,141,582,141,567,159,582,159,
581,140,596,140,581,159,596,159,
597,140,612,140,597,159,612,159,
613,140,628,140,613,159,628,159,
382,179,397,179,382,206,397,206,
398,179,413,179,398,206,413,206,
414,179,429,179,414,206,429,206,
430,179,445,179,430,206,445,206,
446,179,461,179,446,206,461,206,
462,179,477,179,462,206,477,206,
478,179,493,179,478,206,493,206,
494,179,509,179,494,206,509,206,
510,179,525,179,510,206,525,206,
526,179,541,179,526,206,541,206,
542,179,557,179,542,206,557,206,
558,179,573,179,558,206,573,206,
574,179,589,179,574,206,589,206,
590,179,605,179,590,206,605,206,
606,179,621,179,606,206,621,206,
622,179,637,179,622,206,637,206,
363,262,378,262,363,303,378,303,
379,262,394,262,379,303,394,303,
433,275,448,275,433,298,448,298,
449,275,464,275,449,298,464,298,
465,275,480,275,465,298,480,298,
481,275,496,275,481,298,496,298,
516,280,531,280,516,300,531,300,
532,280,547,280,532,300,547,300,
548,280,563,280,548,300,563,300,
564,280,579,280,564,300,579,300,
579,282,594,282,579,300,594,300,
595,282,610,282,595,300,610,300,
611,282,626,282,611,300,626,300,
405,343,420,343,405,359,420,359,
421,343,436,343,421,359,436,359,
430,343,445,343,430,367,445,367,
446,343,461,343,446,367,461,367,
462,343,477,343,462,367,477,367,
478,343,493,343,478,367,493,367,
494,343,509,343,494,367,509,367,
510,343,525,343,510,367,525,367,
526,343,541,343,526,367,541,367,
542,343,557,343,542,367,557,367,
558,343,573,343,558,367,573,367,
574,343,589,343,574,367,589,367,
590,343,605,343,590,367,605,367,
606,343,621,343,606,367,621,367,
372,213,387,213,372,229,387,229,
388,213,403,213,388,229,403,229,
403,215,418,215,403,233,418,233,
419,215,434,215,419,233,434,233,
435,215,450,215,435,233,450,233,
451,215,466,215,451,233,466,233,
472,216,487,216,472,234,487,234,
488,216,503,216,488,234,503,234,
504,216,519,216,504,234,519,234,
527,217,542,217,527,233,542,233,
543,217,558,217,543,233,558,233,
559,217,574,217,559,233,574,233,
575,217,590,217,575,233,590,233,
591,217,606,217,591,233,606,233,
607,217,622,217,607,233,622,233,
406,312,421,312,406,337,421,337,
422,312,437,312,422,337,437,337,
438,312,453,312,438,337,453,337,
454,312,469,312,454,337,469,337,
479,315,494,315,479,337,494,337,
495,315,510,315,495,337,510,337,
511,315,526,315,511,337,526,337,
533,316,548,316,533,339,548,339,
549,316,564,316,549,339,564,339,
565,316,580,316,565,339,580,339,
581,316,596,316,581,339,596,339,
597,316,612,316,597,339,612,339,
613,316,628,316,613,339,628,339,
684,232,699,232,684,263,699,263,
710,228,725,228,710,264,725,264,
726,228,741,228,726,264,741,264,
752,226,767,226,752,268,767,268,
768,226,783,226,768,268,783,268,
784,226,799,226,784,268,799,268,
