252,169,267,169,252,219,267,219,
268,169,283,169,268,219,283,219,
284,169,299,169,284,219,299,219,
300,169,315,169,300,219,315,219,
316,169,331,169,316,219,331,219,
332,169,347,169,332,219,347,219,
348,169,363,169,348,219,363,219,
364,169,379,169,364,219,379,219,
380,169,395,169,380,219,395,219,
396,169,411,169,396,219,411,219,
412,169,427,169,412,219,427,219,
428,169,443,169,428,219,443,219,
444,169,459,169,444,219,459,219,
460,169,475,169,460,219,475,219,
476,169,491,169,476,219,491,219,
492,169,507,169,492,219,507,219,
510,160,525,160,510,209,525,209,
526,160,541,160,526,209,541,209,
542,160,557,160,542,209,557,209,
558,160,573,160,558,209,573,209,
574,160,589,160,574,209,589,209,
590,160,605,160,590,209,605,209,
606,160,621,160,606,209,621,209,
622,160,637,160,622,209,637,209,
638,160,653,160,638,209,653,209,
654,160,669,160,654,209,669,209,
670,160,685,160,670,209,685,209,
686,160,701,160,686,209,701,209,
702,160,717,160,702,209,717,209,
718,160,733,160,718,209,733,209,
734,160,749,160,734,209,749,209,
750,160,765,160,750,209,765,209,
68,277,83,277,68,308,83,308,
84,277,99,277,84,308,99,308,
100,277,115,277,100,308,115,308,
116,277,131,277,116,308,131,308,
132,277,147,277,132,308,147,308,
223,363,238,363,223,385,238,385,
239,363,254,363,239,385,254,385,
255,363,270,363,255,385,270,385,
271,363,286,363,271,385,286,385,
287,363,302,363,287,385,302,385,
303,363,318,363,303,385,318,385,
319,363,334,363,319,385,334,385,
335,363,350,363,335,385,350,385,
351,363,366,363,351,385,366,385,
371,357,386,357,371,376,386,376,
387,357,402,357,387,376,402,376,
403,357,418,357,403,376,418,376,
419,357,434,357,419,376,434,376,
435,357,450,357,435,376,450,376,
451,357,466,357,451,376,466,376,
102,382,117,382,102,446,117,446,
118,382,133,382,118,446,133,446,
134,382,149,382,134,446,149,446,
150,382,165,382,150,446,165,446,
166,382,181,382,166,446,181,446,
182,382,197,382,182,446,197,446,
198,382,213,382,198,446,213,446,
240,466,255,466,240,556,255,556,
256,466,271,466,256,556,271,556,
265,465,280,465,265,516,280,516,
324,443,339,443,324,446,339,446,
329,442,344,442,329,446,344,446,
345,442,360,442,345,446,360,446,
352,441,367,441,352,445,367,445,
359,441,374,441,359,444,374,444,
367,440,382,440,367,443,382,443,
323,444,338,444,323,456,338,456,
339,444,354,444,339,456,354,456,
355,444,370,444,355,456,370,456,
371,444,386,444,371,456,386,456,
354,453,369,453,354,456,369,456,
370,453,385,453,370,456,385,456,
323,462,338,462,323,472,338,472,
339,462,354,462,339,472,354,472,
355,462,370,462,355,472,370,472,
371,462,386,462,371,472,386,472,
327,472,342,472,327,477,342,477,
343,472,358,472,343,477,358,477,
351,471,366,471,351,476,366,476,
367,471,382,471,367,476,382,476,
327,476,342,476,327,481,342,481,
343,476,358,476,343,481,358,481,
353,475,368,475,353,479,368,479,
369,475,384,475,369,479,384,479,
332,483,347,483,332,489,347,489,
348,483,363,483,348,489,363,489,
364,483,379,483,364,489,379,489,
333,493,348,493,333,496,348,496,
340,490,355,490,340,493,355,493,
348,490,363,490,348,492,363,492,
355,489,370,489,355,492,370,492,
336,492,351,492,336,495,351,495,
352,492,367,492,352,495,367,495,
359,492,374,492,359,494,374,494,
364,515,379,515,364,518,379,518,
365,545,380,545,365,550,380,550,
345,558,360,558,345,563,360,563,
364,552,379,552,364,554,379,554,
361,554,376,554,361,556,376,556,
362,557,377,557,362,558,377,558,
367,556,382,556,367,557,382,557,
362,558,377,558,362,559,377,559,
367,557,382,557,367,559,382,559,
287,558,302,558,287,562,302,562,
296,558,311,558,296,562,311,562,
409,469,424,469,409,476,424,476,
425,469,440,469,425,476,440,476,
441,469,456,469,441,476,456,476,
430,464,445,464,430,480,445,480,
416,484,431,484,416,488,431,488,
425,484,440,484,425,487,440,487,
434,483,449,483,434,487,449,487,
417,489,432,489,417,493,432,493,
433,489,448,489,433,493,448,493,
479,350,494,350,479,424,494,424,
495,350,510,350,495,424,510,424,
511,350,526,350,511,424,526,424,
527,350,542,350,527,424,542,424,
543,350,558,350,543,424,558,424,
559,350,574,350,559,424,574,424,
575,350,590,350,575,424,590,424,
591,350,606,350,591,424,606,424,
607,350,622,350,607,424,622,424,
499,415,514,415,499,478,514,478,
515,415,530,415,515,478,530,478,
531,415,546,415,531,478,546,478,
547,415,562,415,547,478,562,478,
563,415,578,415,563,478,578,478,
579,415,594,415,579,478,594,478,
595,415,610,415,595,478,610,478,
611,415,626,415,611,478,626,478,
701,374,716,374,701,382,716,382,
717,374,732,374,717,382,732,382,
686,396,701,396,686,403,701,403,
702,396,717,396,702,403,717,403,
717,394,732,394,717,402,732,402,
733,394,748,394,733,402,748,402,
682,403,697,403,682,408,697,408,
698,403,713,403,698,408,713,408,
708,402,723,402,708,406,723,406,
719,402,734,402,719,406,734,406,
733,401,748,401,733,405,748,405,
686,408,701,408,686,414,701,414,
702,408,717,408,702,414,717,414,
711,407,726,407,711,413,726,413,
721,406,736,406,721,412,736,412,
737,406,752,406,737,412,752,412,
750,524,765,524,750,533,765,533,
766,524,781,524,766,533,781,533,
751,532,766,532,751,536,766,536,
767,532,782,532,767,536,782,536,
740,544,755,544,740,548,755,548,
750,542,765,542,750,548,765,548,
766,542,781,542,766,548,781,548,
776,542,791,542,776,546,791,546,
722,549,737,549,722,554,737,554,
738,549,753,549,738,554,753,554,
748,546,763,546,748,553,763,553,
764,546,779,546,764,553,779,553,
780,546,795,546,780,553,795,553,
831,359,846,359,831,519,846,519,
847,359,862,359,847,519,862,519,
863,359,878,359,863,519,878,519,
879,359,894,359,879,519,894,519,
895,359,910,359,895,519,910,519,
911,359,926,359,911,519,926,519,
939,423,954,423,939,440,954,440,
955,423,970,423,955,440,970,440,
