201,207,216,207,201,250,216,250,
217,207,232,207,217,250,232,250,
233,207,248,207,233,250,248,250,
249,207,264,207,249,250,264,250,
265,207,280,207,265,250,280,250,
281,207,296,207,281,250,296,250,
297,207,312,207,297,250,312,250,
313,207,328,207,313,250,328,250,
329,207,344,207,329,250,344,250,
190,300,205,300,190,351,205,351,
206,300,221,300,206,351,221,351,
222,300,237,300,222,351,237,351,
238,300,253,300,238,351,253,351,
254,300,269,300,254,351,269,351,
270,300,285,300,270,351,285,351,
286,300,301,300,286,351,301,351,
302,300,317,300,302,351,317,351,
318,300,333,300,318,351,333,351,
334,300,349,300,334,351,349,351,
116,391,131,391,116,430,131,430,
132,391,147,391,132,430,147,430,
148,391,163,391,148,430,163,430,
164,391,179,391,164,430,179,430,
172,393,187,393,172,434,187,434,
188,393,203,393,188,434,203,434,
204,393,219,393,204,434,219,434,
220,393,235,393,220,434,235,434,
236,393,251,393,236,434,251,434,
252,393,267,393,252,434,267,434,
268,393,283,393,268,434,283,434,
284,393,299,393,284,434,299,434,
300,393,315,393,300,434,315,434,
316,393,331,393,316,434,331,434,
332,393,347,393,332,434,347,434,
122,187,137,187,122,205,137,205,
138,187,153,187,138,205,153,205,
154,187,169,187,154,205,169,205,
170,187,185,187,170,205,185,205,
122,220,137,220,122,244,137,244,
130,242,145,242,130,257,145,257,
146,242,161,242,146,257,161,257,
154,241,169,241,154,258,169,258,
170,241,185,241,170,258,185,258,
177,218,192,218,177,246,192,246,
