448,465,463,465,448,520,463,520,
464,465,479,465,464,520,479,520,
480,465,495,465,480,520,495,520,
496,465,511,465,496,520,511,520,
512,465,527,465,512,520,527,520,
290,548,305,548,290,600,305,600,
306,548,321,548,306,600,321,600,
322,548,337,548,322,600,337,600,
338,548,353,548,338,600,353,600,
354,548,369,548,354,600,369,600,
370,548,385,548,370,600,385,600,
386,548,401,548,386,600,401,600,
402,548,417,548,402,600,417,600,
418,548,433,548,418,600,433,600,
434,548,449,548,434,600,449,600,
450,548,465,548,450,600,465,600,
465,538,480,538,465,600,480,600,
481,538,496,538,481,600,496,600,
497,538,512,538,497,600,512,600,
513,538,528,538,513,600,528,600,
529,538,544,538,529,600,544,600,
545,538,560,538,545,600,560,600,
561,538,576,538,561,600,576,600,
577,538,592,538,577,600,592,600,
593,538,608,538,593,600,608,600,
609,538,624,538,609,600,624,600,
625,538,640,538,625,600,640,600,
641,538,656,538,641,600,656,600,
