281,1,296,1,281,166,296,166,
297,1,312,1,297,166,312,166,
313,1,328,1,313,166,328,166,
329,1,344,1,329,166,344,166,
345,1,360,1,345,166,360,166,
361,1,376,1,361,166,376,166,
377,1,392,1,377,166,392,166,
393,1,408,1,393,166,408,166,
409,1,424,1,409,166,424,166,
871,270,886,270,871,315,886,315,
787,1,802,1,787,78,802,78,
863,284,878,284,863,327,878,327,
408,113,423,113,408,151,423,151,
424,113,439,113,424,151,439,151,
440,113,455,113,440,151,455,151,
79,1,94,1,79,111,94,111,
95,1,110,1,95,111,110,111,
111,1,126,1,111,111,126,111,
127,1,142,1,127,111,142,111,
143,1,158,1,143,111,158,111,
159,1,174,1,159,111,174,111,
175,1,190,1,175,111,190,111,
191,1,206,1,191,111,206,111,
207,1,222,1,207,111,222,111,
223,1,238,1,223,111,238,111,
239,1,254,1,239,111,254,111,
255,1,270,1,255,111,270,111,
