147,531,162,531,147,551,162,551,
163,531,178,531,163,551,178,551,
179,531,194,531,179,551,194,551,
195,531,210,531,195,551,210,551,
211,531,226,531,211,551,226,551,
227,531,242,531,227,551,242,551,
243,531,258,531,243,551,258,551,
259,531,274,531,259,551,274,551,
275,531,290,531,275,551,290,551,
291,531,306,531,291,551,306,551,
307,531,322,531,307,551,322,551,
361,526,376,526,361,543,376,543,
377,526,392,526,377,543,392,543,
393,526,408,526,393,543,408,543,
409,526,424,526,409,543,424,543,
425,526,440,526,425,543,440,543,
441,526,456,526,441,543,456,543,
457,526,472,526,457,543,472,543,
67,301,82,301,67,335,82,335,
83,301,98,301,83,335,98,335,
99,301,114,301,99,335,114,335,
115,301,130,301,115,335,130,335,
131,301,146,301,131,335,146,335,
147,301,162,301,147,335,162,335,
163,301,178,301,163,335,178,335,
179,301,194,301,179,335,194,335,
195,301,210,301,195,335,210,335,
211,301,226,301,211,335,226,335,
37,182,52,182,37,279,52,279,
53,182,68,182,53,279,68,279,
69,182,84,182,69,279,84,279,
85,182,100,182,85,279,100,279,
101,182,116,182,101,279,116,279,
117,182,132,182,117,279,132,279,
133,182,148,182,133,279,148,279,
149,182,164,182,149,279,164,279,
165,182,180,182,165,279,180,279,
181,182,196,182,181,279,196,279,
197,182,212,182,197,279,212,279,
213,182,228,182,213,279,228,279,
229,182,244,182,229,279,244,279,
477,525,492,525,477,557,492,557,
493,525,508,525,493,557,508,557,
509,525,524,525,509,557,524,557,
525,525,540,525,525,557,540,557,
541,525,556,525,541,557,556,557,
557,525,572,525,557,557,572,557,
573,525,588,525,573,557,588,557,
361,544,376,544,361,555,376,555,
377,544,392,544,377,555,392,555,
393,544,408,544,393,555,408,555,
409,544,424,544,409,555,424,555,
425,545,440,545,425,556,440,556,
441,545,456,545,441,556,456,556,
457,545,472,545,457,556,472,556,
