168,135,183,135,168,303,183,303,
184,135,199,135,184,303,199,303,
200,135,215,135,200,303,215,303,
216,135,231,135,216,303,231,303,
232,135,247,135,232,303,247,303,
248,135,263,135,248,303,263,303,
264,135,279,135,264,303,279,303,
280,135,295,135,280,303,295,303,
296,135,311,135,296,303,311,303,
312,135,327,135,312,303,327,303,
328,135,343,135,328,303,343,303,
344,135,359,135,344,303,359,303,
360,135,375,135,360,303,375,303,
376,135,391,135,376,303,391,303,
392,135,407,135,392,303,407,303,
408,135,423,135,408,303,423,303,
424,135,439,135,424,303,439,303,
440,135,455,135,440,303,455,303,
456,135,471,135,456,303,471,303,
472,135,487,135,472,303,487,303,
488,135,503,135,488,303,503,303,
504,135,519,135,504,303,519,303,
520,135,535,135,520,303,535,303,
536,135,551,135,536,303,551,303,
552,135,567,135,552,303,567,303,
568,135,583,135,568,303,583,303,
584,135,599,135,584,303,599,303,
600,135,615,135,600,303,615,303,
616,135,631,135,616,303,631,303,
632,135,647,135,632,303,647,303,
177,324,192,324,177,501,192,501,
193,324,208,324,193,501,208,501,
209,324,224,324,209,501,224,501,
225,324,240,324,225,501,240,501,
241,324,256,324,241,501,256,501,
257,324,272,324,257,501,272,501,
273,324,288,324,273,501,288,501,
289,324,304,324,289,501,304,501,
305,324,320,324,305,501,320,501,
321,324,336,324,321,501,336,501,
337,324,352,324,337,501,352,501,
353,324,368,324,353,501,368,501,
369,324,384,324,369,501,384,501,
385,324,400,324,385,501,400,501,
401,324,416,324,401,501,416,501,
417,324,432,324,417,501,432,501,
433,324,448,324,433,501,448,501,
449,324,464,324,449,501,464,501,
465,324,480,324,465,501,480,501,
481,324,496,324,481,501,496,501,
497,324,512,324,497,501,512,501,
513,324,528,324,513,501,528,501,
529,324,544,324,529,501,544,501,
545,324,560,324,545,501,560,501,
561,324,576,324,561,501,576,501,
577,324,592,324,577,501,592,501,
593,324,608,324,593,501,608,501,
609,324,624,324,609,501,624,501,
625,324,640,324,625,501,640,501,
641,324,656,324,641,501,656,501,
