529,328,544,328,529,400,544,400,
545,328,560,328,545,400,560,400,
561,328,576,328,561,400,576,400,
577,328,592,328,577,400,592,400,
593,328,608,328,593,400,608,400,
609,328,624,328,609,400,624,400,
625,328,640,328,625,400,640,400,
641,328,656,328,641,400,656,400,
657,328,672,328,657,400,672,400,
673,328,688,328,673,400,688,400,
689,328,704,328,689,400,704,400,
705,328,720,328,705,400,720,400,
721,328,736,328,721,400,736,400,
223,428,238,428,223,498,238,498,
239,428,254,428,239,498,254,498,
163,226,178,226,163,298,178,298,
179,226,194,226,179,298,194,298,
195,226,210,226,195,298,210,298,
211,226,226,226,211,298,226,298,
227,226,242,226,227,298,242,298,
243,226,258,226,243,298,258,298,
259,226,274,226,259,298,274,298,
275,226,290,226,275,298,290,298,
291,226,306,226,291,298,306,298,
307,226,322,226,307,298,322,298,
323,226,338,226,323,298,338,298,
343,229,358,229,343,298,358,298,
359,229,374,229,359,298,374,298,
375,229,390,229,375,298,390,298,
391,229,406,229,391,298,406,298,
407,229,422,229,407,298,422,298,
423,229,438,229,423,298,438,298,
439,229,454,229,439,298,454,298,
455,229,470,229,455,298,470,298,
471,229,486,229,471,298,486,298,
487,229,502,229,487,298,502,298,
503,229,518,229,503,298,518,298,
519,229,534,229,519,298,534,298,
548,226,563,226,548,298,563,298,
564,226,579,226,564,298,579,298,
580,226,595,226,580,298,595,298,
596,226,611,226,596,298,611,298,
612,226,627,226,612,298,627,298,
628,226,643,226,628,298,643,298,
644,226,659,226,644,298,659,298,
660,226,675,226,660,298,675,298,
676,226,691,226,676,298,691,298,
692,226,707,226,692,298,707,298,
708,226,723,226,708,298,723,298,
724,226,739,226,724,298,739,298,
740,226,755,226,740,298,755,298,
756,226,771,226,756,298,771,298,
772,226,787,226,772,298,787,298,
788,226,803,226,788,298,803,298,
624,100,639,100,624,180,639,180,
640,100,655,100,640,180,655,180,
656,100,671,100,656,180,671,180,
246,328,261,328,246,403,261,403,
262,328,277,328,262,403,277,403,
278,328,293,328,278,403,293,403,
294,328,309,328,294,403,309,403,
310,328,325,328,310,403,325,403,
326,328,341,328,326,403,341,403,
342,328,357,328,342,403,357,403,
358,328,373,328,358,403,373,403,
374,328,389,328,374,403,389,403,
313,100,328,100,313,182,328,182,
329,100,344,100,329,182,344,182,
345,100,360,100,345,182,360,182,
361,100,376,100,361,182,376,182,
377,100,392,100,377,182,392,182,
393,100,408,100,393,182,408,182,
409,100,424,100,409,182,424,182,
425,100,440,100,425,182,440,182,
441,100,456,100,441,182,456,182,
457,100,472,100,457,182,472,182,
473,100,488,100,473,182,488,182,
489,100,504,100,489,182,504,182,
505,100,520,100,505,182,520,182,
521,100,536,100,521,182,536,182,
537,100,552,100,537,182,552,182,
553,100,568,100,553,182,568,182,
569,100,584,100,569,182,584,182,
585,100,600,100,585,182,600,182,
397,341,412,341,397,400,412,400,
413,341,428,341,413,400,428,400,
429,341,444,341,429,400,444,400,
445,341,460,341,445,400,460,400,
461,341,476,341,461,400,476,400,
477,341,492,341,477,400,492,400,
493,341,508,341,493,400,508,400,
509,341,524,341,509,400,524,400,
275,431,290,431,275,498,290,498,
291,431,306,431,291,498,306,498,
307,431,322,431,307,498,322,498,
334,431,349,431,334,498,349,498,
350,431,365,431,350,498,365,498,
366,431,381,431,366,498,381,498,
402,431,417,431,402,495,417,495,
418,431,433,431,418,495,433,495,
434,431,449,431,434,495,449,495,
466,434,481,434,466,500,481,500,
482,434,497,434,482,500,497,500,
498,434,513,434,498,500,513,500,
527,428,542,428,527,498,542,498,
543,428,558,428,543,498,558,498,
559,428,574,428,559,498,574,498,
596,434,611,434,596,500,611,500,
612,434,627,434,612,500,627,500,
628,434,643,434,628,500,643,500,
659,431,674,431,659,498,674,498,
675,431,690,431,675,498,690,498,
691,431,706,431,691,498,706,498,
720,431,735,431,720,495,735,495,
736,431,751,431,736,495,751,495,
752,431,767,431,752,495,767,495,
