133,58,148,58,133,100,148,100,
149,58,164,58,149,100,164,100,
165,58,180,58,165,100,180,100,
181,58,196,58,181,100,196,100,
197,58,212,58,197,100,212,100,
213,58,228,58,213,100,228,100,
229,58,244,58,229,100,244,100,
245,58,260,58,245,100,260,100,
261,58,276,58,261,100,276,100,
277,58,292,58,277,100,292,100,
293,58,308,58,293,100,308,100,
309,58,324,58,309,100,324,100,
136,103,151,103,136,126,151,126,
152,103,167,103,152,126,167,126,
168,103,183,103,168,126,183,126,
184,103,199,103,184,126,199,126,
200,103,215,103,200,126,215,126,
220,103,235,103,220,125,235,125,
236,103,251,103,236,125,251,125,
252,103,267,103,252,125,267,125,
269,102,284,102,269,127,284,127,
285,102,300,102,285,127,300,127,
301,102,316,102,301,127,316,127,
317,102,332,102,317,127,332,127,
136,129,151,129,136,153,151,153,
152,129,167,129,152,153,167,153,
168,129,183,129,168,153,183,153,
184,129,199,129,184,153,199,153,
200,129,215,129,200,153,215,153,
232,127,247,127,232,151,247,151,
248,127,263,127,248,151,263,151,
264,127,279,127,264,151,279,151,
280,127,295,127,280,151,295,151,
298,126,313,126,298,153,313,153,
314,126,329,126,314,153,329,153,
330,126,345,126,330,153,345,153,
346,126,361,126,346,153,361,153,
421,61,436,61,421,100,436,100,
437,61,452,61,437,100,452,100,
453,61,468,61,453,100,468,100,
469,61,484,61,469,100,484,100,
485,61,500,61,485,100,500,100,
501,61,516,61,501,100,516,100,
517,61,532,61,517,100,532,100,
533,61,548,61,533,100,548,100,
549,61,564,61,549,100,564,100,
86,210,101,210,86,253,101,253,
102,210,117,210,102,253,117,253,
118,210,133,210,118,253,133,253,
134,210,149,210,134,253,149,253,
150,210,165,210,150,253,165,253,
166,210,181,210,166,253,181,253,
182,210,197,210,182,253,197,253,
198,210,213,210,198,253,213,253,
214,210,229,210,214,253,229,253,
230,210,245,210,230,253,245,253,
246,210,261,210,246,253,261,253,
262,210,277,210,262,253,277,253,
278,210,293,210,278,253,293,253,
294,210,309,210,294,253,309,253,
310,210,325,210,310,253,325,253,
326,210,341,210,326,253,341,253,
94,303,109,303,94,350,109,350,
110,303,125,303,110,350,125,350,
126,303,141,303,126,350,141,350,
142,303,157,303,142,350,157,350,
158,303,173,303,158,350,173,350,
174,303,189,303,174,350,189,350,
190,303,205,303,190,350,205,350,
206,303,221,303,206,350,221,350,
222,303,237,303,222,350,237,350,
238,303,253,303,238,350,253,350,
254,303,269,303,254,350,269,350,
146,394,161,394,146,434,161,434,
162,394,177,394,162,434,177,434,
178,394,193,394,178,434,193,434,
194,394,209,394,194,434,209,434,
210,394,225,394,210,434,225,434,
226,394,241,394,226,434,241,434,
242,394,257,394,242,434,257,434,
258,394,273,394,258,434,273,434,
274,394,289,394,274,434,289,434,
290,394,305,394,290,434,305,434,
306,394,321,394,306,434,321,434,
322,394,337,394,322,434,337,434,
338,394,353,394,338,434,353,434,
354,394,369,394,354,434,369,434,
370,394,385,394,370,434,385,434,
426,93,441,93,426,135,441,135,
442,93,457,93,442,135,457,135,
458,93,473,93,458,135,473,135,
474,93,489,93,474,135,489,135,
490,93,505,93,490,135,505,135,
506,93,521,93,506,135,521,135,
522,93,537,93,522,135,537,135,
538,93,553,93,538,135,553,135,
554,93,569,93,554,135,569,135,
570,93,585,93,570,135,585,135,
586,93,601,93,586,135,601,135,
157,477,172,477,157,512,172,512,
173,477,188,477,173,512,188,512,
189,477,204,477,189,512,204,512,
205,477,220,477,205,512,220,512,
221,477,236,477,221,512,236,512,
237,477,252,477,237,512,252,512,
253,477,268,477,253,512,268,512,
269,477,284,477,269,512,284,512,
285,477,300,477,285,512,300,512,
301,477,316,477,301,512,316,512,
317,477,332,477,317,512,332,512,
389,469,404,469,389,508,404,508,
405,469,420,469,405,508,420,508,
421,469,436,469,421,508,436,508,
437,469,452,469,437,508,452,508,
453,469,468,469,453,508,468,508,
469,469,484,469,469,508,484,508,
485,469,500,469,485,508,500,508,
501,469,516,469,501,508,516,508,
517,469,532,469,517,508,532,508,
159,530,174,530,159,552,174,552,
175,530,190,530,175,552,190,552,
191,530,206,530,191,552,206,552,
207,530,222,530,207,552,222,552,
223,530,238,530,223,552,238,552,
239,530,254,530,239,552,254,552,
373,526,388,526,373,547,388,547,
389,526,404,526,389,547,404,547,
405,526,420,526,405,547,420,547,
421,526,436,526,421,547,436,547,
437,526,452,526,437,547,452,547,
453,526,468,526,453,547,468,547,
146,449,161,449,146,471,161,471,
162,449,177,449,162,471,177,471,
178,449,193,449,178,471,193,471,
194,449,209,449,194,471,209,471,
210,449,225,449,210,471,225,471,
226,449,241,449,226,471,241,471,
242,449,257,449,242,471,257,471,
258,449,273,449,258,471,273,471,
274,449,289,449,274,471,289,471,
290,449,305,449,290,471,305,471,
306,449,321,449,306,471,321,471,
322,449,337,449,322,471,337,471,
419,164,434,164,419,180,434,180,
435,164,450,164,435,180,450,180,
451,164,466,164,451,180,466,180,
467,164,482,164,467,180,482,180,
483,164,498,164,483,180,498,180,
499,164,514,164,499,180,514,180,
515,164,530,164,515,180,530,180,
531,164,546,164,531,180,546,180,
547,164,562,164,547,180,562,180,
91,275,106,275,91,302,106,302,
107,275,122,275,107,302,122,302,
123,275,138,275,123,302,138,302,
139,275,154,275,139,302,154,302,
155,275,170,275,155,302,170,302,
171,275,186,275,171,302,186,302,
187,275,202,275,187,302,202,302,
203,275,218,275,203,302,218,302,
94,362,109,362,94,388,109,388,
110,362,125,362,110,388,125,388,
126,362,141,362,126,388,141,388,
142,362,157,362,142,388,157,388,
158,362,173,362,158,388,173,388,
174,362,189,362,174,388,189,388,
86,253,101,253,86,274,101,274,
102,253,117,253,102,274,117,274,
118,253,133,253,118,274,133,274,
134,253,149,253,134,274,149,274,
150,253,165,253,150,274,165,274,
167,254,182,254,167,279,182,279,
183,254,198,254,183,279,198,279,
199,254,214,254,199,279,214,279,
215,254,230,254,215,279,230,279,
231,254,246,254,231,279,246,279,
247,254,262,254,247,279,262,279,
261,253,276,253,261,276,276,276,
277,253,292,253,277,276,292,276,
293,253,308,253,293,276,308,276,
309,253,324,253,309,276,324,276,
93,344,108,344,93,362,108,362,
109,344,124,344,109,362,124,362,
125,344,140,344,125,362,140,362,
141,344,156,344,141,362,156,362,
157,344,172,344,157,362,172,362,
164,344,179,344,164,364,179,364,
180,344,195,344,180,364,195,364,
196,344,211,344,196,364,211,364,
204,345,219,345,204,365,219,365,
220,345,235,345,220,365,235,365,
236,345,251,345,236,365,251,365,
252,345,267,345,252,365,267,365,
152,430,167,430,152,450,167,450,
168,430,183,430,168,450,183,450,
184,430,199,430,184,450,199,450,
200,430,215,430,200,450,215,450,
216,430,231,430,216,450,231,450,
232,430,247,430,232,451,247,451,
248,430,263,430,248,451,263,451,
264,430,279,430,264,451,279,451,
280,430,295,430,280,451,295,451,
296,430,311,430,296,451,311,451,
154,510,169,510,154,529,169,529,
170,510,185,510,170,529,185,529,
186,510,201,510,186,529,201,529,
202,510,217,510,202,529,217,529,
212,513,227,513,212,532,227,532,
228,513,243,513,228,532,243,532,
244,513,259,513,244,532,259,532,
260,513,275,513,260,532,275,532,
276,513,291,513,276,532,291,532,
292,513,307,513,292,532,307,532,
301,513,316,513,301,531,316,531,
317,513,332,513,317,531,332,531,
333,513,348,513,333,531,348,531,
349,513,364,513,349,531,364,531,
377,512,392,512,377,528,392,528,
393,512,408,512,393,528,408,528,
406,507,421,507,406,526,421,526,
422,507,437,507,422,526,437,526,
438,507,453,507,438,526,453,526,
454,507,469,507,454,526,469,526,
470,507,485,507,470,526,485,526,
486,507,501,507,486,526,501,526,
499,502,514,502,499,520,514,520,
515,502,530,502,515,520,530,520,
531,502,546,502,531,520,546,520,
419,128,434,128,419,148,434,148,
435,128,450,128,435,148,450,148,
451,128,466,128,451,148,466,148,
467,128,482,128,467,148,482,148,
483,128,498,128,483,148,498,148,
499,128,514,128,499,148,514,148,
509,133,524,133,509,146,524,146,
525,133,540,133,525,146,540,146,
537,135,552,135,537,146,552,146,
423,145,438,145,423,159,438,159,
439,145,454,145,439,159,454,159,
451,146,466,146,451,159,466,159,
467,146,482,146,467,159,482,159,
478,146,493,146,478,159,493,159,
492,146,507,146,492,161,507,161,
508,146,523,146,508,161,523,161,
524,146,539,146,524,161,539,161,
533,148,548,148,533,162,548,162,
549,148,564,148,549,162,564,162,
565,148,580,148,565,162,580,162,
423,181,438,181,423,194,438,194,
439,181,454,181,439,194,454,194,
229,277,244,277,229,299,244,299,
245,277,260,277,245,299,260,299,
261,277,276,277,261,299,276,299,
277,277,292,277,277,299,292,299,
198,368,213,368,198,386,213,386,
214,368,229,368,214,386,229,386,
230,368,245,368,230,386,245,386,
246,368,261,368,246,386,261,386,
508,435,523,435,508,459,523,459,
524,435,539,435,524,459,539,459,
540,435,555,435,540,459,555,459,
454,181,469,181,454,195,469,195,
464,181,479,181,464,194,479,194,
480,181,495,181,480,194,495,194,
492,181,507,181,492,196,507,196,
508,181,523,181,508,196,523,196,
521,181,536,181,521,196,536,196,
537,181,552,181,537,196,552,196,
551,183,566,183,551,196,566,196,
563,183,578,183,563,197,578,197,
579,183,594,183,579,197,594,197,
289,276,304,276,289,299,304,299,
305,276,320,276,305,299,320,299,
321,276,336,276,321,299,336,299,
335,276,350,276,335,299,350,299,
351,276,366,276,351,299,366,299,
367,276,382,276,367,299,382,299,
383,276,398,276,383,299,398,299,
260,367,275,367,260,388,275,388,
276,367,291,367,276,388,291,388,
292,367,307,367,292,388,307,388,
308,367,323,367,308,388,323,388,
258,532,273,532,258,551,273,551,
274,532,289,532,274,551,289,551,
290,532,305,532,290,551,305,551,
306,532,321,532,306,551,321,551,
322,532,337,532,322,551,337,551,
338,532,353,532,338,551,353,551,
472,522,487,522,472,539,487,539,
488,522,503,522,488,539,503,539,
506,518,521,518,506,536,521,536,
522,518,537,518,522,536,537,536,
538,518,553,518,538,536,553,536,
447,441,462,441,447,465,462,465,
463,441,478,441,463,465,478,465,
479,441,494,441,479,465,494,465,
495,441,510,441,495,465,510,465,
338,449,353,449,338,469,353,469,
354,449,369,449,354,469,369,469,
370,449,385,449,370,469,385,469,
386,449,401,449,386,469,401,469,
402,449,417,449,402,469,417,469,
418,449,433,449,418,469,433,469,
