372,520,387,520,372,533,387,533,
388,520,403,520,388,533,403,533,
404,520,419,520,404,533,419,533,
420,520,435,520,420,533,435,533,
436,520,451,520,436,533,451,533,
354,497,369,497,354,513,369,513,
370,497,385,497,370,513,385,513,
386,497,401,497,386,513,401,513,
402,497,417,497,402,513,417,513,
418,497,433,497,418,513,433,513,
434,497,449,497,434,513,449,513,
450,497,465,497,450,513,465,513,
466,497,481,497,466,513,481,513,
561,519,576,519,561,531,576,531,
577,519,592,519,577,531,592,531,
593,519,608,519,593,531,608,531,
609,519,624,519,609,531,624,531,
625,519,640,519,625,531,640,531,
641,519,656,519,641,531,656,531,
657,519,672,519,657,531,672,531,
560,441,575,441,560,469,575,469,
576,441,591,441,576,469,591,469,
592,441,607,441,592,469,607,469,
608,441,623,441,608,469,623,469,
624,441,639,441,624,469,639,469,
640,441,655,441,640,469,655,469,
656,441,671,441,656,469,671,469,
550,420,565,420,550,430,565,430,
566,420,581,420,566,430,581,430,
582,420,597,420,582,430,597,430,
598,420,613,420,598,430,613,430,
614,420,629,420,614,430,629,430,
630,420,645,420,630,430,645,430,
646,420,661,420,646,430,661,430,
662,420,677,420,662,430,677,430,
595,333,610,333,595,345,610,345,
611,333,626,333,611,345,626,345,
627,333,642,333,627,345,642,345,
643,333,658,333,643,345,658,345,
659,333,674,333,659,345,674,345,
596,353,611,353,596,366,611,366,
612,353,627,353,612,366,627,366,
628,353,643,353,628,366,643,366,
644,353,659,353,644,366,659,366,
591,368,606,368,591,379,606,379,
607,368,622,368,607,379,622,379,
623,368,638,368,623,379,638,379,
639,368,654,368,639,379,654,379,
655,368,670,368,655,379,670,379,
668,242,683,242,668,246,683,246,
684,242,699,242,684,246,699,246,
667,234,682,234,667,240,682,240,
683,234,698,234,683,240,698,240,
627,265,642,265,627,269,642,269,
643,265,658,265,643,269,658,269,
626,253,641,253,626,263,641,263,
642,253,657,253,642,263,657,263,
631,233,646,233,631,237,646,237,
585,251,600,251,585,260,600,260,
601,251,616,251,601,260,616,260,
586,262,601,262,586,264,601,264,
602,262,617,262,602,264,617,264,
586,265,601,265,586,267,601,267,
602,265,617,265,602,267,617,267,
593,245,608,245,593,248,608,248,
626,238,641,238,626,242,641,242,
642,238,657,238,642,242,657,242,
580,211,595,211,580,221,595,221,
596,211,611,211,596,221,611,221,
612,211,627,211,612,221,627,221,
628,211,643,211,628,221,643,221,
644,211,659,211,644,221,659,221,
660,211,675,211,660,221,675,221,
676,211,691,211,676,221,691,221,
602,110,617,110,602,116,617,116,
618,110,633,110,618,116,633,116,
634,110,649,110,634,116,649,116,
650,110,665,110,650,116,665,116,
666,110,681,110,666,116,681,116,
622,126,637,126,622,136,637,136,
638,126,653,126,638,136,653,136,
654,126,669,126,654,136,669,136,
670,126,685,126,670,136,685,136,
579,128,594,128,579,134,594,134,
595,128,610,128,595,134,610,134,
579,150,594,150,579,156,594,156,
595,150,610,150,595,156,610,156,
611,150,626,150,611,156,626,156,
627,150,642,150,627,156,642,156,
643,150,658,150,643,156,658,156,
659,150,674,150,659,156,674,156,
675,150,690,150,675,156,690,156,
578,158,593,158,578,170,593,170,
594,158,609,158,594,170,609,170,
610,158,625,158,610,170,625,170,
626,158,641,158,626,170,641,170,
642,158,657,158,642,170,657,170,
658,158,673,158,658,170,673,170,
674,158,689,158,674,170,689,170,
690,158,705,158,690,170,705,170,
627,172,642,172,627,175,642,175,
643,172,658,172,643,175,658,175,
657,172,672,172,657,175,672,175,
673,172,688,172,673,175,688,175,
689,172,704,172,689,175,704,175,
582,179,597,179,582,185,597,185,
598,179,613,179,598,185,613,185,
614,179,629,179,614,185,629,185,
630,179,645,179,630,185,645,185,
646,179,661,179,646,185,661,185,
662,179,677,179,662,185,677,185,
678,179,693,179,678,185,693,185,
694,179,709,179,694,185,709,185,
587,187,602,187,587,192,602,192,
603,187,618,187,603,192,618,192,
619,187,634,187,619,192,634,192,
635,187,650,187,635,192,650,192,
651,187,666,187,651,192,666,192,
580,195,595,195,580,200,595,200,
596,195,611,195,596,200,611,200,
612,195,627,195,612,200,627,200,
628,195,643,195,628,200,643,200,
644,195,659,195,644,200,659,200,
660,195,675,195,660,200,675,200,
676,195,691,195,676,200,691,200,
692,195,707,195,692,200,707,200,
586,202,601,202,586,207,601,207,
602,202,617,202,602,207,617,207,
618,202,633,202,618,207,633,207,
634,202,649,202,634,207,649,207,
650,202,665,202,650,207,665,207,
666,202,681,202,666,207,681,207,
682,202,697,202,682,207,697,207,
409,174,424,174,409,185,424,185,
425,174,440,174,425,185,440,185,
441,174,456,174,441,185,456,185,
457,174,472,174,457,185,472,185,
473,174,488,174,473,185,488,185,
342,154,357,154,342,163,357,163,
358,154,373,154,358,163,373,163,
374,154,389,154,374,163,389,163,
347,206,362,206,347,216,362,216,
363,206,378,206,363,216,378,216,
393,192,408,192,393,239,408,239,
409,192,424,192,409,239,424,239,
425,192,440,192,425,239,440,239,
441,192,456,192,441,239,456,239,
457,192,472,192,457,239,472,239,
473,192,488,192,473,239,488,239,
489,192,504,192,489,239,504,239,
409,248,424,248,409,259,424,259,
425,248,440,248,425,259,440,259,
441,248,456,248,441,259,456,259,
457,248,472,248,457,259,472,259,
473,248,488,248,473,259,488,259,
354,272,369,272,354,283,369,283,
370,272,385,272,370,283,385,283,
402,264,417,264,402,291,417,291,
418,264,433,264,418,291,433,291,
434,264,449,264,434,291,449,291,
450,264,465,264,450,291,465,291,
466,264,481,264,466,291,481,291,
409,340,424,340,409,388,424,388,
425,340,440,340,425,388,440,388,
441,340,456,340,441,388,456,388,
457,340,472,340,457,388,472,388,
473,340,488,340,473,388,488,388,
489,340,504,340,489,388,504,388,
359,300,374,300,359,311,374,311,
375,300,390,300,375,311,390,311,
391,300,406,300,391,311,406,311,
404,300,419,300,404,311,419,311,
420,300,435,300,420,311,435,311,
436,300,451,300,436,311,451,311,
452,300,467,300,452,311,467,311,
468,300,483,300,468,311,483,311,
484,300,499,300,484,311,499,311,
500,300,515,300,500,311,515,311,
408,324,423,324,408,334,423,334,
424,324,439,324,424,334,439,334,
440,324,455,324,440,334,455,334,
456,324,471,324,456,334,471,334,
472,324,487,324,472,334,487,334,
348,353,363,353,348,364,363,364,
364,353,379,353,364,364,379,364,
308,476,323,476,308,493,323,493,
324,476,339,476,324,493,339,493,
340,476,355,476,340,493,355,493,
356,476,371,476,356,493,371,493,
372,476,387,476,372,493,387,493,
388,476,403,476,388,493,403,493,
404,476,419,476,404,493,419,493,
420,476,435,476,420,493,435,493,
436,476,451,476,436,493,451,493,
452,476,467,476,452,493,467,493,
468,476,483,476,468,493,483,493,
484,476,499,476,484,493,499,493,
500,476,515,476,500,493,515,493,
307,457,322,457,307,470,322,470,
323,457,338,457,323,470,338,470,
339,457,354,457,339,470,354,470,
355,457,370,457,355,470,370,470,
371,457,386,457,371,470,386,470,
387,457,402,457,387,470,402,470,
403,457,418,457,403,470,418,470,
419,457,434,457,419,470,434,470,
435,457,450,457,435,470,450,470,
451,457,466,457,451,470,466,470,
467,457,482,457,467,470,482,470,
483,457,498,457,483,470,498,470,
499,457,514,457,499,470,514,470,
172,108,187,108,172,113,187,113,
188,108,203,108,188,113,203,113,
204,108,219,108,204,113,219,113,
213,109,228,109,213,114,228,114,
229,109,244,109,229,114,244,114,
84,108,99,108,84,115,99,115,
103,114,118,114,103,133,118,133,
85,133,100,133,85,139,100,139,
103,154,118,154,103,165,118,165,
119,154,134,154,119,165,134,165,
135,154,150,154,135,165,150,165,
174,173,189,173,174,184,189,184,
190,173,205,173,190,184,205,184,
206,173,221,173,206,184,221,184,
222,173,237,173,222,184,237,184,
238,173,253,173,238,184,253,184,
101,192,116,192,101,239,116,239,
117,192,132,192,117,239,132,239,
133,192,148,192,133,239,148,239,
149,192,164,192,149,239,164,239,
165,192,180,192,165,239,180,239,
181,192,196,192,181,239,196,239,
197,192,212,192,197,239,212,239,
213,192,228,192,213,239,228,239,
229,192,244,192,229,239,244,239,
245,192,260,192,245,239,260,239,
261,192,276,192,261,239,276,239,
277,192,292,192,277,239,292,239,
293,192,308,192,293,239,308,239,
309,192,324,192,309,239,324,239,
100,268,115,268,100,315,115,315,
116,268,131,268,116,315,131,315,
132,268,147,268,132,315,147,315,
148,268,163,268,148,315,163,315,
164,268,179,268,164,315,179,315,
180,268,195,268,180,315,195,315,
196,268,211,268,196,315,211,315,
212,268,227,268,212,315,227,315,
228,268,243,268,228,315,243,315,
244,268,259,268,244,315,259,315,
260,268,275,268,260,315,275,315,
276,268,291,268,276,315,291,315,
292,268,307,268,292,315,307,315,
308,268,323,268,308,315,323,315,
99,343,114,343,99,392,114,392,
115,343,130,343,115,392,130,392,
131,343,146,343,131,392,146,392,
147,343,162,343,147,392,162,392,
163,343,178,343,163,392,178,392,
179,343,194,343,179,392,194,392,
195,343,210,343,195,392,210,392,
211,343,226,343,211,392,226,392,
227,343,242,343,227,392,242,392,
243,343,258,343,243,392,258,392,
259,343,274,343,259,392,274,392,
275,343,290,343,275,392,290,392,
291,343,306,343,291,392,306,392,
307,343,322,343,307,392,322,392,
173,249,188,249,173,260,188,260,
189,249,204,249,189,260,204,260,
205,249,220,249,205,260,220,260,
221,249,236,249,221,260,236,260,
237,249,252,249,237,260,252,260,
172,324,187,324,172,335,187,335,
188,324,203,324,188,335,203,335,
204,324,219,324,204,335,219,335,
220,324,235,324,220,335,235,335,
236,324,251,324,236,335,251,335,
249,428,264,428,249,442,264,442,
265,428,280,428,265,442,280,442,
249,445,264,445,249,449,264,449,
265,445,280,445,265,449,280,449,
249,449,264,449,249,454,264,454,
265,449,280,449,265,454,280,454,
316,427,331,427,316,451,331,451,
332,427,347,427,332,451,347,451,
348,427,363,427,348,451,363,451,
364,427,379,427,364,451,379,451,
380,427,395,427,380,451,395,451,
396,427,411,427,396,451,411,451,
412,427,427,427,412,451,427,451,
428,427,443,427,428,451,443,451,
444,427,459,427,444,451,459,451,
460,427,475,427,460,451,475,451,
476,427,491,427,476,451,491,451,
492,427,507,427,492,451,507,451,
133,115,148,115,133,141,148,141,
149,115,164,115,149,141,164,141,
165,115,180,115,165,141,180,141,
181,115,196,115,181,141,196,141,
197,115,212,115,197,141,212,141,
213,115,228,115,213,141,228,141,
229,115,244,115,229,141,244,141,
198,525,213,525,198,536,213,536,
214,525,229,525,214,536,229,536,
230,525,245,525,230,536,245,536,
246,525,261,525,246,536,261,536,
174,512,189,512,174,518,189,518,
190,512,205,512,190,518,205,518,
206,512,221,512,206,518,221,518,
222,512,237,512,222,518,237,518,
174,517,189,517,174,525,189,525,
190,517,205,517,190,525,205,525,
206,517,221,517,206,525,221,525,
222,517,237,517,222,525,237,525,
238,517,253,517,238,525,253,525,
254,517,269,517,254,525,269,525,
176,427,191,427,176,437,191,437,
192,427,207,427,192,437,207,437,
208,427,223,427,208,437,223,437,
174,437,189,437,174,446,189,446,
190,437,205,437,190,446,205,446,
206,437,221,437,206,446,221,446,
222,437,237,437,222,446,237,446,
238,437,253,437,238,446,253,446,
178,447,193,447,178,457,193,457,
194,447,209,447,194,457,209,457,
210,447,225,447,210,457,225,457,
226,447,241,447,226,457,241,457,
208,497,223,497,208,506,223,506,
224,497,239,497,224,506,239,506,
240,497,255,497,240,506,255,506,
256,497,271,497,256,506,271,506,
204,481,219,481,204,490,219,490,
220,481,235,481,220,490,235,490,
236,481,251,481,236,490,251,490,
252,481,267,481,252,490,267,490,
268,481,283,481,268,490,283,490,
201,465,216,465,201,475,216,475,
217,465,232,465,217,475,232,475,
233,465,248,465,233,475,248,475,
249,465,264,465,249,475,264,475,
174,466,189,466,174,474,189,474,
190,466,205,466,190,474,205,474,
174,481,189,481,174,490,189,490,
190,481,205,481,190,490,205,490,
174,497,189,497,174,507,189,507,
190,497,205,497,190,507,205,507,
83,425,98,425,83,439,98,439,
99,425,114,425,99,439,114,439,
115,425,130,425,115,439,130,439,
83,433,98,433,83,450,98,450,
99,433,114,433,99,450,114,450,
115,433,130,433,115,450,130,450,
131,433,146,433,131,450,146,450,
147,433,162,433,147,450,162,450,
86,444,101,444,86,465,101,465,
102,444,117,444,102,465,117,465,
118,444,133,444,118,465,133,465,
134,444,149,444,134,465,149,465,
150,444,165,444,150,465,165,465,
103,473,118,473,103,478,118,478,
115,472,130,472,115,475,130,475,
125,470,140,470,125,474,140,474,
135,470,150,470,135,474,150,474,
103,485,118,485,103,489,118,489,
114,484,129,484,114,488,129,488,
124,482,139,482,124,487,139,487,
134,481,149,481,134,486,149,486,
117,488,132,488,117,490,132,490,
120,487,135,487,120,489,135,489,
120,489,135,489,120,493,135,493,
103,496,118,496,103,499,118,499,
112,495,127,495,112,498,127,498,
140,507,155,507,140,511,155,511,
156,507,171,507,156,511,171,511,
137,513,152,513,137,519,152,519,
153,513,168,513,153,519,168,519,
138,525,153,525,138,527,153,527,
140,530,155,530,140,532,155,532,
156,530,171,530,156,532,171,532,
139,533,154,533,139,535,154,535,
155,533,170,533,155,535,170,535,
154,526,169,526,154,528,169,528,
140,535,155,535,140,537,155,537,
154,535,169,535,154,536,169,536,
149,522,164,522,149,525,164,525,
157,523,172,523,157,525,172,525,
108,508,123,508,108,511,123,511,
124,508,139,508,124,511,139,511,
107,513,122,513,107,519,122,519,
123,513,138,513,123,519,138,519,
110,522,125,522,110,525,125,525,
122,522,137,522,122,527,137,527,
109,527,124,527,109,529,124,529,
125,527,140,527,125,529,140,529,
83,531,98,531,83,533,98,533,
80,533,95,533,80,534,95,534,
75,534,90,534,75,536,90,536,
91,534,106,534,91,536,106,536,
77,536,92,536,77,538,92,538,
93,536,108,536,93,538,108,538,
85,523,100,523,85,529,100,529,
95,521,110,521,95,524,110,524,
80,514,95,514,80,520,95,520,
78,509,93,509,78,512,93,512,
94,509,109,509,94,512,109,512,
