25,403,40,403,25,426,40,426,
41,403,56,403,41,426,56,426,
57,403,72,403,57,426,72,426,
71,401,86,401,71,431,86,431,
87,401,102,401,87,431,102,431,
105,414,120,414,105,442,120,442,
121,414,136,414,121,442,136,442,
137,414,152,414,137,442,152,442,
153,414,168,414,153,442,168,442,
4,428,19,428,4,468,19,468,
20,428,35,428,20,468,35,468,
36,428,51,428,36,468,51,468,
52,428,67,428,52,468,67,468,
68,428,83,428,68,468,83,468,
81,439,96,439,81,477,96,477,
97,439,112,439,97,477,112,477,
113,439,128,439,113,477,128,477,
129,439,144,439,129,477,144,477,
134,458,149,458,134,485,149,485,
150,458,165,458,150,485,165,485,
166,458,181,458,166,485,181,485,
366,406,381,406,366,581,381,581,
382,406,397,406,382,581,397,581,
398,406,413,406,398,581,413,581,
414,406,429,406,414,581,429,581,
430,406,445,406,430,581,445,581,
446,406,461,406,446,581,461,581,
462,406,477,406,462,581,477,581,
478,406,493,406,478,581,493,581,
494,406,509,406,494,581,509,581,
510,406,525,406,510,581,525,581,
526,406,541,406,526,581,541,581,
542,406,557,406,542,581,557,581,
558,406,573,406,558,581,573,581,
574,406,589,406,574,581,589,581,
590,406,605,406,590,581,605,581,
606,406,621,406,606,581,621,581,
622,406,637,406,622,581,637,581,
638,406,653,406,638,581,653,581,
654,406,669,406,654,581,669,581,
670,406,685,406,670,581,685,581,
686,406,701,406,686,581,701,581,
