138,126,153,126,138,163,153,163,
154,126,169,126,154,163,169,163,
170,126,185,126,170,163,185,163,
186,126,201,126,186,163,201,163,
202,126,217,126,202,163,217,163,
125,163,140,163,125,179,140,179,
141,163,156,163,141,179,156,179,
157,163,172,163,157,179,172,179,
174,157,189,157,174,177,189,177,
190,157,205,157,190,177,205,177,
206,157,221,157,206,177,221,177,
222,157,237,157,222,177,237,177,
238,157,253,157,238,177,253,177,
254,157,269,157,254,177,269,177,
270,157,285,157,270,177,285,177,
40,197,55,197,40,215,55,215,
56,197,71,197,56,215,71,215,
72,197,87,197,72,215,87,215,
88,197,103,197,88,215,103,215,
104,197,119,197,104,215,119,215,
120,197,135,197,120,215,135,215,
135,193,150,193,135,212,150,212,
151,193,166,193,151,212,166,212,
167,193,182,193,167,212,182,212,
183,193,198,193,183,212,198,212,
199,193,214,193,199,212,214,212,
215,193,230,193,215,212,230,212,
149,259,164,259,149,284,164,284,
165,259,180,259,165,284,180,284,
181,259,196,259,181,284,196,284,
197,259,212,259,197,284,212,284,
213,259,228,259,213,284,228,284,
235,190,250,190,235,209,250,209,
251,190,266,190,251,209,266,209,
267,190,282,190,267,209,282,209,
283,190,298,190,283,209,298,209,
291,153,306,153,291,169,306,169,
307,153,322,153,307,169,322,169,
323,153,338,153,323,169,338,169,
339,153,354,153,339,169,354,169,
355,153,370,153,355,169,370,169,
306,187,321,187,306,204,321,204,
322,187,337,187,322,204,337,204,
338,187,353,187,338,204,353,204,
354,187,369,187,354,204,369,204,
234,247,249,247,234,282,249,282,
250,247,265,247,250,282,265,282,
266,247,281,247,266,282,281,282,
282,247,297,247,282,282,297,282,
298,247,313,247,298,282,313,282,
314,247,329,247,314,282,329,282,
330,247,345,247,330,282,345,282,
346,247,361,247,346,282,361,282,
362,247,377,247,362,282,377,282,
378,247,393,247,378,282,393,282,
394,247,409,247,394,282,409,282,
138,343,153,343,138,414,153,414,
154,343,169,343,154,414,169,414,
170,343,185,343,170,414,185,414,
186,343,201,343,186,414,201,414,
202,343,217,343,202,414,217,414,
218,343,233,343,218,414,233,414,
234,343,249,343,234,414,249,414,
250,343,265,343,250,414,265,414,
266,343,281,343,266,414,281,414,
282,343,297,343,282,414,297,414,
298,343,313,343,298,414,313,414,
314,343,329,343,314,414,329,414,
330,343,345,343,330,414,345,414,
346,343,361,343,346,414,361,414,
362,343,377,343,362,414,377,414,
378,343,393,343,378,414,393,414,
394,343,409,343,394,414,409,414,
410,343,425,343,410,414,425,414,
98,450,113,450,98,531,113,531,
114,450,129,450,114,531,129,531,
130,450,145,450,130,531,145,531,
146,450,161,450,146,531,161,531,
162,450,177,450,162,531,177,531,
178,450,193,450,178,531,193,531,
194,450,209,450,194,531,209,531,
210,450,225,450,210,531,225,531,
226,450,241,450,226,531,241,531,
242,450,257,450,242,531,257,531,
258,450,273,450,258,531,273,531,
274,450,289,450,274,531,289,531,
290,450,305,450,290,531,305,531,
306,450,321,450,306,531,321,531,
322,450,337,450,322,531,337,531,
338,450,353,450,338,531,353,531,
354,450,369,450,354,531,369,531,
370,450,385,450,370,531,385,531,
386,450,401,450,386,531,401,531,
402,450,417,450,402,531,417,531,
418,450,433,450,418,531,433,531,
434,450,449,450,434,531,449,531,
450,450,465,450,450,531,465,531,
466,450,481,450,466,531,481,531,
91,581,106,581,91,608,106,608,
107,581,122,581,107,608,122,608,
130,572,145,572,130,608,145,608,
146,572,161,572,146,608,161,608,
162,572,177,572,162,608,177,608,
178,572,193,572,178,608,193,608,
194,572,209,572,194,608,209,608,
210,572,225,572,210,608,225,608,
226,572,241,572,226,608,241,608,
246,585,261,585,246,606,261,606,
262,585,277,585,262,606,277,606,
283,577,298,577,283,608,298,608,
299,577,314,577,299,608,314,608,
315,577,330,577,315,608,330,608,
331,577,346,577,331,608,346,608,
354,581,369,581,354,611,369,611,
370,581,385,581,370,611,385,611,
386,581,401,581,386,611,401,611,
402,581,417,581,402,611,417,611,
418,581,433,581,418,611,433,611,
434,581,449,581,434,611,449,611,
450,581,465,581,450,611,465,611,
466,581,481,581,466,611,481,611,
482,581,497,581,482,611,497,611,
157,654,172,654,157,674,172,674,
173,654,188,654,173,674,188,674,
189,654,204,654,189,674,204,674,
205,654,220,654,205,674,220,674,
230,644,245,644,230,675,245,675,
246,644,261,644,246,675,261,675,
262,644,277,644,262,675,277,675,
278,644,293,644,278,675,293,675,
294,644,309,644,294,675,309,675,
310,644,325,644,310,675,325,675,
326,644,341,644,326,675,341,675,
342,644,357,644,342,675,357,675,
358,644,373,644,358,675,373,675,
374,644,389,644,374,675,389,675,
390,644,405,644,390,675,405,675,
406,644,421,644,406,675,421,675,
69,720,84,720,69,736,84,736,
80,718,95,718,80,740,95,740,
96,718,111,718,96,740,111,740,
112,718,127,718,112,740,127,740,
128,718,143,718,128,740,143,740,
144,718,159,718,144,740,159,740,
160,718,175,718,160,740,175,740,
176,718,191,718,176,740,191,740,
192,718,207,718,192,740,207,740,
208,721,223,721,208,735,223,735,
224,721,239,721,224,735,239,735,
240,721,255,721,240,735,255,735,
256,721,271,721,256,735,271,735,
272,721,287,721,272,735,287,735,
287,717,302,717,287,740,302,740,
303,717,318,717,303,740,318,740,
319,717,334,717,319,740,334,740,
335,717,350,717,335,740,350,740,
351,717,366,717,351,740,366,740,
367,717,382,717,367,740,382,740,
384,718,399,718,384,735,399,735,
402,720,417,720,402,739,417,739,
418,720,433,720,418,739,433,739,
434,720,449,720,434,739,449,739,
450,720,465,720,450,739,465,739,
466,720,481,720,466,739,481,739,
482,720,497,720,482,739,497,739,
498,720,513,720,498,739,513,739,
514,720,529,720,514,739,529,739,
74,746,89,746,74,763,89,763,
90,746,105,746,90,763,105,763,
106,746,121,746,106,763,121,763,
122,745,137,745,122,763,137,763,
138,745,153,745,138,763,153,763,
154,745,169,745,154,763,169,763,
170,745,185,745,170,763,185,763,
186,745,201,745,186,763,201,763,
202,745,217,745,202,763,217,763,
221,743,236,743,221,761,236,761,
237,743,252,743,237,761,252,761,
253,743,268,743,253,761,268,761,
269,743,284,743,269,761,284,761,
285,743,300,743,285,761,300,761,
301,743,316,743,301,761,316,761,
317,743,332,743,317,761,332,761,
333,743,348,743,333,761,348,761,
349,743,364,743,349,761,364,761,
373,744,388,744,373,764,388,764,
389,744,404,744,389,764,404,764,
405,744,420,744,405,764,420,764,
421,744,436,744,421,764,436,764,
437,744,452,744,437,764,452,764,
457,744,472,744,457,763,472,763,
473,744,488,744,473,763,488,763,
489,744,504,744,489,763,504,763,
505,744,520,744,505,763,520,763,
79,772,94,772,79,789,94,789,
95,772,110,772,95,789,110,789,
111,772,126,772,111,789,126,789,
133,772,148,772,133,789,148,789,
149,772,164,772,149,789,164,789,
166,772,181,772,166,789,181,789,
182,772,197,772,182,789,197,789,
198,772,213,772,198,789,213,789,
214,772,229,772,214,789,229,789,
234,771,249,771,234,789,249,789,
250,771,265,771,250,789,265,789,
266,771,281,771,266,789,281,789,
282,771,297,771,282,789,297,789,
298,771,313,771,298,789,313,789,
73,799,88,799,73,816,88,816,
89,799,104,799,89,816,104,816,
105,799,120,799,105,816,120,816,
121,799,136,799,121,816,136,816,
137,799,152,799,137,816,152,816,
155,798,170,798,155,817,170,817,
171,798,186,798,171,817,186,817,
187,798,202,798,187,817,202,817,
203,798,218,798,203,817,218,817,
219,798,234,798,219,817,234,817,
237,803,252,803,237,815,252,815,
255,799,270,799,255,816,270,816,
271,799,286,799,271,816,286,816,
287,799,302,799,287,816,302,816,
309,799,324,799,309,819,324,819,
325,799,340,799,325,819,340,819,
341,799,356,799,341,819,356,819,
357,799,372,799,357,819,372,819,
373,799,388,799,373,819,388,819,
389,799,404,799,389,819,404,819,
