184,86,199,86,184,201,199,201,
200,86,215,86,200,201,215,201,
216,86,231,86,216,201,231,201,
232,86,247,86,232,201,247,201,
248,86,263,86,248,201,263,201,
264,86,279,86,264,201,279,201,
280,86,295,86,280,201,295,201,
296,86,311,86,296,201,311,201,
312,86,327,86,312,201,327,201,
328,86,343,86,328,201,343,201,
344,86,359,86,344,201,359,201,
360,86,375,86,360,201,375,201,
376,86,391,86,376,201,391,201,
392,86,407,86,392,201,407,201,
408,86,423,86,408,201,423,201,
424,86,439,86,424,201,439,201,
440,86,455,86,440,201,455,201,
456,86,471,86,456,201,471,201,
472,86,487,86,472,201,487,201,
488,86,503,86,488,201,503,201,
504,86,519,86,504,201,519,201,
520,86,535,86,520,201,535,201,
536,86,551,86,536,201,551,201,
552,86,567,86,552,201,567,201,
568,86,583,86,568,201,583,201,
214,403,229,403,214,441,229,441,
230,403,245,403,230,441,245,441,
246,403,261,403,246,441,261,441,
262,403,277,403,262,441,277,441,
278,403,293,403,278,441,293,441,
294,403,309,403,294,441,309,441,
310,403,325,403,310,441,325,441,
326,403,341,403,326,441,341,441,
342,403,357,403,342,441,357,441,
358,403,373,403,358,441,373,441,
374,403,389,403,374,441,389,441,
390,403,405,403,390,441,405,441,
406,403,421,403,406,441,421,441,
422,403,437,403,422,441,437,441,
438,403,453,403,438,441,453,441,
454,403,469,403,454,441,469,441,
515,421,530,421,515,453,530,453,
531,421,546,421,531,453,546,453,
547,421,562,421,547,453,562,453,
563,421,578,421,563,453,578,453,
579,421,594,421,579,453,594,453,
595,421,610,421,595,453,610,453,
611,421,626,421,611,453,626,453,
627,421,642,421,627,453,642,453,
643,421,658,421,643,453,658,453,
659,421,674,421,659,453,674,453,
675,421,690,421,675,453,690,453,
691,421,706,421,691,453,706,453,
707,421,722,421,707,453,722,453,
210,463,225,463,210,516,225,516,
226,463,241,463,226,516,241,516,
242,463,257,463,242,516,257,516,
258,463,273,463,258,516,273,516,
274,463,289,463,274,516,289,516,
290,463,305,463,290,516,305,516,
306,463,321,463,306,516,321,516,
322,463,337,463,322,516,337,516,
338,463,353,463,338,516,353,516,
354,463,369,463,354,516,369,516,
370,463,385,463,370,516,385,516,
386,463,401,463,386,516,401,516,
402,463,417,463,402,516,417,516,
418,463,433,463,418,516,433,516,
434,463,449,463,434,516,449,516,
450,463,465,463,450,516,465,516,
466,463,481,463,466,516,481,516,
482,463,497,463,482,516,497,516,
498,463,513,463,498,516,513,516,
514,463,529,463,514,516,529,516,
530,463,545,463,530,516,545,516,
546,463,561,463,546,516,561,516,
562,463,577,463,562,516,577,516,
578,463,593,463,578,516,593,516,
594,463,609,463,594,516,609,516,
610,463,625,463,610,516,625,516,
626,463,641,463,626,516,641,516,
642,463,657,463,642,516,657,516,
658,463,673,463,658,516,673,516,
674,463,689,463,674,516,689,516,
690,463,705,463,690,516,705,516,
706,463,721,463,706,516,721,516,
