454,121,469,121,454,154,469,154,
470,121,485,121,470,154,485,154,
331,121,346,121,331,154,346,154,
347,121,362,121,347,154,362,154,
363,121,378,121,363,154,378,154,
379,121,394,121,379,154,394,154,
395,121,410,121,395,154,410,154,
411,121,426,121,411,154,426,154,
427,121,442,121,427,154,442,154,
85,321,100,321,85,475,100,475,
101,321,116,321,101,475,116,475,
117,321,132,321,117,475,132,475,
133,321,148,321,133,475,148,475,
149,321,164,321,149,475,164,475,
165,321,180,321,165,475,180,475,
181,321,196,321,181,475,196,475,
197,321,212,321,197,475,212,475,
213,321,228,321,213,475,228,475,
229,321,244,321,229,475,244,475,
245,321,260,321,245,475,260,475,
261,321,276,321,261,475,276,475,
277,321,292,321,277,475,292,475,
763,31,778,31,763,39,778,39,
779,31,794,31,779,39,794,39,
491,10,506,10,491,15,506,15,
507,10,522,10,507,15,522,15,
383,48,398,48,383,52,398,52,
332,47,347,47,332,52,347,52,
348,47,363,47,348,52,363,52,
260,51,275,51,260,54,275,54,
255,51,270,51,255,53,270,53,
259,46,274,46,259,51,274,51,
275,46,290,46,275,51,290,51,
242,47,257,47,242,51,257,51,
258,47,273,47,258,51,273,51,
