178,117,193,117,178,164,193,164,
194,117,209,117,194,164,209,164,
210,117,225,117,210,164,225,164,
226,117,241,117,226,164,241,164,
242,117,257,117,242,164,257,164,
258,117,273,117,258,164,273,164,
272,113,287,113,272,156,287,156,
288,113,303,113,288,156,303,156,
304,113,319,113,304,156,319,156,
320,113,335,113,320,156,335,156,
336,113,351,113,336,156,351,156,
352,113,367,113,352,156,367,156,
368,113,383,113,368,156,383,156,
384,113,399,113,384,156,399,156,
400,113,415,113,400,156,415,156,
155,173,170,173,155,188,170,188,
171,173,186,173,171,188,186,188,
407,166,422,166,407,175,422,175,
423,166,438,166,423,175,438,175,
200,152,215,152,200,167,215,167,
216,152,231,152,216,167,231,167,
232,152,247,152,232,167,247,167,
243,150,258,150,243,159,258,159,
259,150,274,150,259,159,274,159,
277,149,292,149,277,156,292,156,
293,149,308,149,293,156,308,156,
307,148,322,148,307,156,322,156,
323,148,338,148,323,156,338,156,
331,148,346,148,331,157,346,157,
347,148,362,148,347,157,362,157,
357,149,372,149,357,160,372,160,
373,149,388,149,373,160,388,160,
180,196,195,196,180,218,195,218,
197,193,212,193,197,218,212,218,
213,193,228,193,213,218,228,218,
229,193,244,193,229,218,244,218,
245,193,260,193,245,218,260,218,
255,193,270,193,255,214,270,214,
271,193,286,193,271,214,286,214,
287,193,302,193,287,214,302,214,
298,193,313,193,298,213,313,213,
314,193,329,193,314,213,329,213,
323,191,338,191,323,212,338,212,
339,191,354,191,339,212,354,212,
355,191,370,191,355,212,370,212,
365,193,380,193,365,213,380,213,
375,189,390,189,375,208,390,208,
391,189,406,189,391,208,406,208,
407,189,422,189,407,208,422,208,
180,233,195,233,180,247,195,247,
199,229,214,229,199,247,214,247,
215,229,230,229,215,247,230,247,
231,229,246,229,231,247,246,247,
247,229,262,229,247,247,262,247,
263,229,278,229,263,247,278,247,
279,229,294,229,279,247,294,247,
295,228,310,228,295,243,310,243,
311,228,326,228,311,243,326,243,
325,226,340,226,325,243,340,243,
341,226,356,226,341,243,356,243,
357,226,372,226,357,243,372,243,
372,221,387,221,372,241,387,241,
388,221,403,221,388,241,403,241,
404,221,419,221,404,241,419,241,
61,252,76,252,61,311,76,311,
77,252,92,252,77,311,92,311,
93,252,108,252,93,311,108,311,
109,252,124,252,109,311,124,311,
125,252,140,252,125,311,140,311,
141,252,156,252,141,311,156,311,
157,252,172,252,157,311,172,311,
173,252,188,252,173,311,188,311,
189,252,204,252,189,311,204,311,
205,252,220,252,205,311,220,311,
221,252,236,252,221,311,236,311,
237,252,252,252,237,311,252,311,
253,252,268,252,253,311,268,311,
269,252,284,252,269,311,284,311,
285,252,300,252,285,311,300,311,
301,252,316,252,301,311,316,311,
317,252,332,252,317,311,332,311,
333,252,348,252,333,311,348,311,
349,252,364,252,349,311,364,311,
365,252,380,252,365,311,380,311,
381,252,396,252,381,311,396,311,
437,242,452,242,437,297,452,297,
453,242,468,242,453,297,468,297,
469,242,484,242,469,297,484,297,
485,242,500,242,485,297,500,297,
501,242,516,242,501,297,516,297,
517,242,532,242,517,297,532,297,
533,242,548,242,533,297,548,297,
55,293,70,293,55,434,70,434,
71,293,86,293,71,434,86,434,
87,293,102,293,87,434,102,434,
103,293,118,293,103,434,118,434,
119,293,134,293,119,434,134,434,
135,293,150,293,135,434,150,434,
151,293,166,293,151,434,166,434,
167,293,182,293,167,434,182,434,
183,293,198,293,183,434,198,434,
199,293,214,293,199,434,214,434,
215,293,230,293,215,434,230,434,
231,293,246,293,231,434,246,434,
247,293,262,293,247,434,262,434,
263,293,278,293,263,434,278,434,
279,293,294,293,279,434,294,434,
295,293,310,293,295,434,310,434,
311,293,326,293,311,434,326,434,
327,293,342,293,327,434,342,434,
343,293,358,293,343,434,358,434,
359,293,374,293,359,434,374,434,
375,293,390,293,375,434,390,434,
391,293,406,293,391,434,406,434,
407,293,422,293,407,434,422,434,
423,293,438,293,423,434,438,434,
439,293,454,293,439,434,454,434,
455,293,470,293,455,434,470,434,
471,293,486,293,471,434,486,434,
487,293,502,293,487,434,502,434,
503,293,518,293,503,434,518,434,
519,293,534,293,519,434,534,434,
535,293,550,293,535,434,550,434,
141,439,156,439,141,466,156,466,
157,439,172,439,157,466,172,466,
178,429,193,429,178,465,193,465,
194,429,209,429,194,465,209,465,
210,429,225,429,210,465,225,465,
226,429,241,429,226,465,241,465,
242,429,257,429,242,465,257,465,
258,429,273,429,258,465,273,465,
274,429,289,429,274,465,289,465,
290,429,305,429,290,465,305,465,
306,429,321,429,306,465,321,465,
322,429,337,429,322,465,337,465,
338,429,353,429,338,465,353,465,
362,425,377,425,362,459,377,459,
378,425,393,425,378,459,393,459,
394,425,409,425,394,459,409,459,
410,425,425,425,410,459,425,459,
426,425,441,425,426,459,441,459,
442,425,457,425,442,459,457,459,
458,425,473,425,458,459,473,459,
234,462,249,462,234,483,249,483,
250,462,265,462,250,483,265,483,
266,462,281,462,266,483,281,483,
282,462,297,462,282,483,297,483,
298,462,313,462,298,483,313,483,
312,462,327,462,312,478,327,478,
328,462,343,462,328,478,343,478,
344,462,359,462,344,478,359,478,
360,462,375,462,360,478,375,478,
181,483,196,483,181,502,196,502,
197,483,212,483,197,502,212,502,
210,485,225,485,210,501,225,501,
226,485,241,485,226,501,241,501,
242,485,257,485,242,501,257,501,
258,485,273,485,258,501,273,501,
274,485,289,485,274,501,289,501,
288,482,303,482,288,499,303,499,
308,477,323,477,308,496,323,496,
324,477,339,477,324,496,339,496,
340,477,355,477,340,496,355,496,
356,477,371,477,356,496,371,496,
373,476,388,476,373,494,388,494,
389,476,404,476,389,494,404,494,
405,476,420,476,405,494,420,494,
421,476,436,476,421,494,436,494,
254,686,269,686,254,703,269,703,
270,686,285,686,270,703,285,703,
286,686,301,686,286,703,301,703,
297,687,312,687,297,699,312,699,
313,687,328,687,313,699,328,699,
328,686,343,686,328,699,343,699,
344,686,359,686,344,699,359,699,
360,686,375,686,360,699,375,699,
166,728,181,728,166,749,181,749,
182,728,197,728,182,749,197,749,
201,730,216,730,201,751,216,751,
217,730,232,730,217,751,232,751,
233,730,248,730,233,751,248,751,
249,730,264,730,249,751,264,751,
265,730,280,730,265,751,280,751,
281,730,296,730,281,751,296,751,
297,730,312,730,297,751,312,751,
313,730,328,730,313,751,328,751,
331,723,346,723,331,750,346,750,
347,723,362,723,347,750,362,750,
363,723,378,723,363,750,378,750,
379,723,394,723,379,750,394,750,
395,723,410,723,395,750,410,750,
411,723,426,723,411,750,426,750,
427,723,442,723,427,750,442,750,
443,723,458,723,443,750,458,750,
459,723,474,723,459,750,474,750,
228,754,243,754,228,765,243,765,
244,754,259,754,244,765,259,765,
260,754,275,754,260,765,275,765,
276,756,291,756,276,772,291,772,
292,756,307,756,292,772,307,772,
308,756,323,756,308,772,323,772,
324,756,339,756,324,772,339,772,
338,753,353,753,338,768,353,768,
354,751,369,751,354,764,369,764,
370,751,385,751,370,764,385,764,
386,751,401,751,386,764,401,764,
402,751,417,751,402,764,417,764,
172,768,187,768,172,780,187,780,
181,771,196,771,181,779,196,779,
197,771,212,771,197,779,212,779,
209,771,224,771,209,780,224,780,
221,770,236,770,221,782,236,782,
237,770,252,770,237,782,252,782,
251,772,266,772,251,782,266,782,
267,772,282,772,267,782,282,782,
279,772,294,772,279,781,294,781,
295,772,310,772,295,781,310,781,
305,771,320,771,305,783,320,783,
320,772,335,772,320,781,335,781,
335,772,350,772,335,781,350,781,
344,773,359,773,344,781,359,781,
354,771,369,771,354,781,369,781,
368,770,383,770,368,782,383,782,
384,770,399,770,384,782,399,782,
400,770,415,770,400,778,415,778,
413,768,428,768,413,777,428,777,
429,768,444,768,429,777,444,777,
440,766,455,766,440,777,455,777,
456,766,471,766,456,777,471,777,
115,803,130,803,115,814,130,814,
131,803,146,803,131,814,146,814,
147,803,162,803,147,814,162,814,
158,804,173,804,158,812,173,812,
167,803,182,803,167,814,182,814,
183,803,198,803,183,814,198,814,
199,803,214,803,199,814,214,814,
213,804,228,804,213,812,228,812,
223,804,238,804,223,812,238,812,
234,804,249,804,234,813,249,813,
247,804,262,804,247,813,262,813,
273,805,288,805,273,814,288,814,
286,806,301,806,286,816,301,816,
297,806,312,806,297,814,312,814,
310,804,325,804,310,815,325,815,
332,803,347,803,332,814,347,814,
348,803,363,803,348,814,363,814,
364,803,379,803,364,814,379,814,
380,803,395,803,380,814,395,814,
396,803,411,803,396,814,411,814,
412,803,427,803,412,814,427,814,
434,798,449,798,434,811,449,811,
450,798,465,798,450,811,465,811,
466,798,481,798,466,811,481,811,
482,798,497,798,482,811,497,811,
498,798,513,798,498,811,513,811,
514,798,529,798,514,811,529,811,
550,792,565,792,550,805,565,805,
291,815,306,815,291,825,306,825,
307,815,322,815,307,825,322,825,
326,815,341,815,326,823,341,823,
342,815,357,815,342,823,357,823,
320,816,335,816,320,822,335,822,
