72,403,87,403,72,463,87,463,
88,403,103,403,88,463,103,463,
104,403,119,403,104,463,119,463,
120,403,135,403,120,463,135,463,
136,403,151,403,136,463,151,463,
152,403,167,403,152,463,167,463,
168,403,183,403,168,463,183,463,
184,403,199,403,184,463,199,463,
200,403,215,403,200,463,215,463,
216,403,231,403,216,463,231,463,
245,426,260,426,245,488,260,488,
261,426,276,426,261,488,276,488,
277,426,292,426,277,488,292,488,
293,426,308,426,293,488,308,488,
309,426,324,426,309,488,324,488,
325,426,340,426,325,488,340,488,
341,426,356,426,341,488,356,488,
357,426,372,426,357,488,372,488,
373,426,388,426,373,488,388,488,
389,426,404,426,389,488,404,488,
405,426,420,426,405,488,420,488,
88,213,103,213,88,313,103,313,
104,213,119,213,104,313,119,313,
120,213,135,213,120,313,135,313,
88,50,103,50,88,232,103,232,
104,50,119,50,104,232,119,232,
120,50,135,50,120,232,135,232,
136,50,151,50,136,232,151,232,
152,50,167,50,152,232,167,232,
168,50,183,50,168,232,183,232,
184,50,199,50,184,232,199,232,
200,50,215,50,200,232,215,232,
216,50,231,50,216,232,231,232,
232,50,247,50,232,232,247,232,
248,50,263,50,248,232,263,232,
264,50,279,50,264,232,279,232,
280,50,295,50,280,232,295,232,
296,50,311,50,296,232,311,232,
312,50,327,50,312,232,327,232,
328,50,343,50,328,232,343,232,
333,125,348,125,333,335,348,335,
349,125,364,125,349,335,364,335,
365,125,380,125,365,335,380,335,
381,125,396,125,381,335,396,335,
