265,501,280,501,265,600,280,600,
281,501,296,501,281,600,296,600,
297,501,312,501,297,600,312,600,
313,501,328,501,313,600,328,600,
329,501,344,501,329,600,344,600,
345,501,360,501,345,600,360,600,
353,477,368,477,353,561,368,561,
369,477,384,477,369,561,384,561,
385,477,400,477,385,561,400,561,
401,477,416,477,401,561,416,561,
417,477,432,477,417,561,432,561,
433,477,448,477,433,561,448,561,
449,477,464,477,449,561,464,561,
465,477,480,477,465,561,480,561,
481,477,496,477,481,561,496,561,
497,477,512,477,497,561,512,561,
513,477,528,477,513,561,528,561,
529,477,544,477,529,561,544,561,
545,477,560,477,545,561,560,561,
561,477,576,477,561,561,576,561,
577,477,592,477,577,561,592,561,
593,477,608,477,593,561,608,561,
609,477,624,477,609,561,624,561,
625,477,640,477,625,561,640,561,
641,477,656,477,641,561,656,561,
340,563,355,563,340,590,355,590,
356,563,371,563,356,590,371,590,
372,563,387,563,372,590,387,590,
388,563,403,563,388,590,403,590,
404,563,419,563,404,590,419,590,
420,563,435,563,420,590,435,590,
436,563,451,563,436,590,451,590,
458,560,473,560,458,594,473,594,
474,560,489,560,474,594,489,594,
490,560,505,560,490,594,505,594,
506,560,521,560,506,594,521,594,
522,560,537,560,522,594,537,594,
538,560,553,560,538,594,553,594,
554,560,569,560,554,594,569,594,
570,560,585,560,570,594,585,594,
586,560,601,560,586,594,601,594,
602,560,617,560,602,594,617,594,
618,560,633,560,618,594,633,594,
634,560,649,560,634,594,649,594,
