86,356,101,356,86,450,101,450,
102,356,117,356,102,450,117,450,
118,356,133,356,118,450,133,450,
134,356,149,356,134,450,149,450,
150,356,165,356,150,450,165,450,
166,356,181,356,166,450,181,450,
182,356,197,356,182,450,197,450,
198,356,213,356,198,450,213,450,
214,356,229,356,214,450,229,450,
230,356,245,356,230,450,245,450,
246,356,261,356,246,450,261,450,
262,356,277,356,262,450,277,450,
278,356,293,356,278,450,293,450,
294,356,309,356,294,450,309,450,
310,356,325,356,310,450,325,450,
326,356,341,356,326,450,341,450,
342,356,357,356,342,450,357,450,
358,356,373,356,358,450,373,450,
374,356,389,356,374,450,389,450,
390,356,405,356,390,450,405,450,
406,356,421,356,406,450,421,450,
422,356,437,356,422,450,437,450,
438,356,453,356,438,450,453,450,
454,356,469,356,454,450,469,450,
470,356,485,356,470,450,485,450,
486,356,501,356,486,450,501,450,
502,356,517,356,502,450,517,450,
518,356,533,356,518,450,533,450,
534,356,549,356,534,450,549,450,
49,452,64,452,49,539,64,539,
65,452,80,452,65,539,80,539,
81,452,96,452,81,539,96,539,
97,452,112,452,97,539,112,539,
113,452,128,452,113,539,128,539,
129,452,144,452,129,539,144,539,
145,452,160,452,145,539,160,539,
161,452,176,452,161,539,176,539,
177,452,192,452,177,539,192,539,
193,452,208,452,193,539,208,539,
209,452,224,452,209,539,224,539,
225,452,240,452,225,539,240,539,
241,452,256,452,241,539,256,539,
257,452,272,452,257,539,272,539,
273,452,288,452,273,539,288,539,
289,452,304,452,289,539,304,539,
305,452,320,452,305,539,320,539,
321,452,336,452,321,539,336,539,
337,452,352,452,337,539,352,539,
353,452,368,452,353,539,368,539,
369,452,384,452,369,539,384,539,
385,452,400,452,385,539,400,539,
401,452,416,452,401,539,416,539,
417,452,432,452,417,539,432,539,
433,452,448,452,433,539,448,539,
449,452,464,452,449,539,464,539,
465,452,480,452,465,539,480,539,
481,452,496,452,481,539,496,539,
497,452,512,452,497,539,512,539,
513,452,528,452,513,539,528,539,
529,452,544,452,529,539,544,539,
545,452,560,452,545,539,560,539,
623,497,638,497,623,517,638,517,
639,497,654,497,639,517,654,517,
655,497,670,497,655,517,670,517,
671,497,686,497,671,517,686,517,
687,497,702,497,687,517,702,517,
703,497,718,497,703,517,718,517,
719,497,734,497,719,517,734,517,
