295,192,310,192,295,203,310,203,
311,192,326,192,311,203,326,203,
327,192,342,192,327,203,342,203,
337,192,352,192,337,203,352,203,
353,192,368,192,353,203,368,203,
286,164,301,164,286,185,301,185,
302,164,317,164,302,185,317,185,
318,164,333,164,318,185,333,185,
334,164,349,164,334,185,349,185,
350,164,365,164,350,185,365,185,
366,164,381,164,366,185,381,185,
291,140,306,140,291,162,306,162,
307,140,322,140,307,162,322,162,
323,140,338,140,323,162,338,162,
339,140,354,140,339,162,354,162,
289,117,304,117,289,139,304,139,
305,117,320,117,305,139,320,139,
321,117,336,117,321,139,336,139,
449,215,464,215,449,230,464,230,
450,203,465,203,450,217,465,217,
401,467,416,467,401,503,416,503,
417,467,432,467,417,503,432,503,
433,467,448,467,433,503,448,503,
449,467,464,467,449,503,464,503,
465,467,480,467,465,503,480,503,
369,518,384,518,369,553,384,553,
385,518,400,518,385,553,400,553,
401,518,416,518,401,553,416,553,
417,518,432,518,417,553,432,553,
433,518,448,518,433,553,448,553,
449,518,464,518,449,553,464,553,
465,518,480,518,465,553,480,553,
481,518,496,518,481,553,496,553,
497,518,512,518,497,553,512,553,
281,468,296,468,281,502,296,502,
297,468,312,468,297,502,312,502,
313,468,328,468,313,502,328,502,
329,468,344,468,329,502,344,502,
345,468,360,468,345,502,360,502,
361,468,376,468,361,502,376,502,
377,468,392,468,377,502,392,502,
159,468,174,468,159,503,174,503,
175,468,190,468,175,503,190,503,
191,468,206,468,191,503,206,503,
207,468,222,468,207,503,222,503,
223,468,238,468,223,503,238,503,
239,468,254,468,239,503,254,503,
255,468,270,468,255,503,270,503,
73,469,88,469,73,504,88,504,
89,469,104,469,89,504,104,504,
105,469,120,469,105,504,120,504,
121,469,136,469,121,504,136,504,
137,469,152,469,137,504,152,504,
51,520,66,520,51,554,66,554,
67,520,82,520,67,554,82,554,
83,520,98,520,83,554,98,554,
99,520,114,520,99,554,114,554,
115,520,130,520,115,554,130,554,
285,518,300,518,285,552,300,552,
301,518,316,518,301,552,316,552,
317,518,332,518,317,552,332,552,
333,518,348,518,333,552,348,552,
349,518,364,518,349,552,364,552,
133,518,148,518,133,555,148,555,
149,518,164,518,149,555,164,555,
165,518,180,518,165,555,180,555,
181,518,196,518,181,555,196,555,
197,518,212,518,197,555,212,555,
213,518,228,518,213,555,228,555,
229,518,244,518,229,555,244,555,
245,518,260,518,245,555,260,555,
261,518,276,518,261,555,276,555,
277,518,292,518,277,555,292,555,
166,418,181,418,166,454,181,454,
182,418,197,418,182,454,197,454,
198,418,213,418,198,454,213,454,
214,416,229,416,214,454,229,454,
230,416,245,416,230,454,245,454,
246,416,261,416,246,454,261,454,
262,416,277,416,262,454,277,454,
278,416,293,416,278,454,293,454,
294,416,309,416,294,454,309,454,
310,416,325,416,310,454,325,454,
326,416,341,416,326,454,341,454,
342,416,357,416,342,454,357,454,
358,416,373,416,358,454,373,454,
125,360,140,360,125,382,140,382,
134,351,149,351,134,370,149,370,
143,341,158,341,143,362,158,362,
90,289,105,289,90,381,105,381,
106,289,121,289,106,381,121,381,
122,289,137,289,122,381,137,381,
138,289,153,289,138,381,153,381,
81,285,96,285,81,304,96,304,
88,244,103,244,88,325,103,325,
104,244,119,244,104,325,119,325,
120,244,135,244,120,325,135,325,
136,244,151,244,136,325,151,325,
131,209,146,209,131,223,146,223,
125,210,140,210,125,224,140,224,
115,211,130,211,115,228,130,228,
100,213,115,213,100,230,115,230,
108,196,123,196,108,211,123,211,
120,195,135,195,120,208,135,208,
127,194,142,194,127,207,142,207,
498,226,513,226,498,248,513,248,
514,226,529,226,514,248,529,248,
500,210,515,210,500,231,515,231,
516,210,531,210,516,231,531,231,
501,196,516,196,501,203,516,203,
517,196,532,196,517,203,532,203,
509,191,524,191,509,197,524,197,
493,110,508,110,493,119,508,119,
509,110,524,110,509,119,524,119,
518,109,533,109,518,119,533,119,
534,109,549,109,534,119,549,119,
496,245,511,245,496,262,511,262,
512,245,527,245,512,262,527,262,
496,251,511,251,496,264,511,264,
512,251,527,251,512,264,527,264,
497,253,512,253,497,279,512,279,
513,253,528,253,513,279,528,279,
440,230,455,230,440,256,455,256,
456,230,471,230,456,256,471,256,
199,238,214,238,199,266,214,266,
201,215,216,215,201,243,216,243,
205,238,220,238,205,258,220,258,
100,98,115,98,100,115,115,115,
78,81,93,81,78,112,93,112,
94,81,109,81,94,112,109,112,
81,70,96,70,81,87,96,87,
90,74,105,74,90,87,105,87,
587,275,602,275,587,284,602,284,
536,171,551,171,536,190,551,190,
