104,17,119,17,104,50,119,50,
118,18,133,18,118,51,133,51,
134,18,149,18,134,51,149,51,
150,18,165,18,150,51,165,51,
166,18,181,18,166,51,181,51,
182,18,197,18,182,51,197,51,
52,52,67,52,52,78,67,78,
9,109,24,109,9,124,24,124,
195,54,210,54,195,75,210,75,
116,123,131,123,116,129,131,129,
126,124,141,124,126,129,141,129,
142,124,157,124,142,129,157,129,
149,123,164,123,149,129,164,129,
158,123,173,123,158,129,173,129,
166,124,181,124,166,129,181,129,
176,124,191,124,176,129,191,129,
185,124,200,124,185,129,200,129,
193,123,208,123,193,128,208,128,
205,123,220,123,205,128,220,128,
216,123,231,123,216,128,231,128,
225,123,240,123,225,128,240,128,
231,123,246,123,231,128,246,128,
247,123,262,123,247,128,262,128,
253,123,268,123,253,128,268,128,
259,123,274,123,259,128,274,128,
275,123,290,123,275,128,290,128,
281,123,296,123,281,127,296,127,
285,123,300,123,285,129,300,129,
301,123,316,123,301,129,316,129,
317,123,332,123,317,129,332,129,
198,1,213,1,198,52,213,52,
214,1,229,1,214,52,229,52,
230,1,245,1,230,52,245,52,
246,1,261,1,246,52,261,52,
262,1,277,1,262,52,277,52,
278,1,293,1,278,52,293,52,
294,1,309,1,294,52,309,52,
310,1,325,1,310,52,325,52,
326,1,341,1,326,52,341,52,
342,1,357,1,342,52,357,52,
1,84,16,84,1,106,16,106,
17,84,32,84,17,106,32,106,
33,84,48,84,33,106,48,106,
42,83,57,83,42,106,57,106,
58,83,73,83,58,106,73,106,
69,82,84,82,69,104,84,104,
85,82,100,82,85,104,100,104,
92,81,107,81,92,104,107,104,
108,81,123,81,108,104,123,104,
124,81,139,81,124,104,139,104,
61,54,76,54,61,77,76,77,
77,54,92,54,77,77,92,77,
93,54,108,54,93,77,108,77,
109,54,124,54,109,77,124,77,
124,54,139,54,124,75,139,75,
137,54,152,54,137,75,152,75,
153,54,168,54,153,75,168,75,
169,54,184,54,169,75,184,75,
185,54,200,54,185,75,200,75,
142,81,157,81,142,104,157,104,
151,82,166,82,151,103,166,103,
167,82,182,82,167,103,182,103,
183,82,198,82,183,103,198,103,
199,82,214,82,199,103,214,103,
215,82,230,82,215,103,230,103,
205,53,220,53,205,76,220,76,
221,53,236,53,221,76,236,76,
237,53,252,53,237,76,252,76,
253,53,268,53,253,76,268,76,
229,81,244,81,229,103,244,103,
250,81,265,81,250,102,265,102,
266,81,281,81,266,102,281,102,
268,54,283,54,268,75,283,75,
285,54,300,54,285,77,300,77,
301,54,316,54,301,77,316,77,
317,54,332,54,317,77,332,77,
333,54,348,54,333,77,348,77,
349,54,364,54,349,77,364,77,
365,54,380,54,365,77,380,77,
381,54,396,54,381,77,396,77,
283,81,298,81,283,103,298,103,
299,81,314,81,299,103,314,103,
315,81,330,81,315,103,330,103,
331,82,346,82,331,104,346,104,
347,82,362,82,347,104,362,104,
363,82,378,82,363,104,378,104,
379,82,394,82,379,104,394,104,
395,82,410,82,395,104,410,104,
411,82,426,82,411,104,426,104,
422,84,437,84,422,106,437,106,
438,84,453,84,438,106,453,106,
454,84,469,84,454,106,469,106,
470,84,485,84,470,106,485,106,
1,115,16,115,1,122,16,122,
21,115,36,115,21,125,36,125,
37,115,52,115,37,125,52,125,
48,115,63,115,48,124,63,124,
64,115,79,115,64,124,79,124,
74,116,89,116,74,121,89,121,
83,114,98,114,83,121,98,121,
92,115,107,115,92,121,107,121,
105,115,120,115,105,121,120,121,
119,114,134,114,119,123,134,123,
135,114,150,114,135,123,150,123,
148,114,163,114,148,120,163,120,
164,114,179,114,164,120,179,120,
177,115,192,115,177,121,192,121,
188,113,203,113,188,120,203,120,
197,113,212,113,197,122,212,122,
213,113,228,113,213,122,228,122,
221,113,236,113,221,122,236,122,
237,113,252,113,237,122,252,122,
249,113,264,113,249,120,264,120,
265,111,280,111,265,122,280,122,
276,113,291,113,276,119,291,119,
292,113,307,113,292,119,307,119,
301,113,316,113,301,120,316,120,
312,114,327,114,312,120,327,120,
324,114,339,114,324,121,339,121,
340,114,355,114,340,121,355,121,
357,114,372,114,357,121,372,121,
367,115,382,115,367,123,382,123,
383,115,398,115,383,123,398,123,
387,115,402,115,387,122,402,122,
403,115,418,115,403,122,418,122,
412,116,427,116,412,122,427,122,
423,115,438,115,423,121,438,121,
429,116,444,116,429,122,444,122,
445,116,460,116,445,122,460,122,
453,114,468,114,453,122,468,122,
469,114,484,114,469,122,484,122,
476,116,491,116,476,124,491,124,
492,116,507,116,492,124,507,124,
1,279,16,279,1,302,16,302,
17,279,32,279,17,302,32,302,
33,279,48,279,33,302,48,302,
49,279,64,279,49,302,64,302,
1,342,16,342,1,362,16,362,
17,342,32,342,17,362,32,362,
33,342,48,342,33,362,48,362,
1,368,16,368,1,388,16,388,
17,368,32,368,17,388,32,388,
131,278,146,278,131,299,146,299,
147,278,162,278,147,299,162,299,
163,278,178,278,163,299,178,299,
179,278,194,278,179,299,194,299,
195,278,210,278,195,299,210,299,
211,278,226,278,211,299,226,299,
197,314,212,314,197,334,212,334,
213,314,228,314,213,334,228,334,
167,365,182,365,167,384,182,384,
183,365,198,365,183,384,198,384,
195,365,210,365,195,386,210,386,
211,365,226,365,211,386,226,386,
227,365,242,365,227,386,242,386,
243,365,258,365,243,386,258,386,
227,313,242,313,227,333,242,333,
243,313,258,313,243,333,258,333,
259,313,274,313,259,333,274,333,
275,313,290,313,275,333,290,333,
291,313,306,313,291,333,306,333,
255,366,270,366,255,387,270,387,
271,366,286,366,271,387,286,387,
287,366,302,366,287,387,302,387,
303,366,318,366,303,387,318,387,
319,366,334,366,319,387,334,387,
225,278,240,278,225,302,240,302,
241,278,256,278,241,302,256,302,
257,278,272,278,257,302,272,302,
273,278,288,278,273,302,288,302,
289,278,304,278,289,302,304,302,
305,278,320,278,305,302,320,302,
321,278,336,278,321,302,336,302,
337,278,352,278,337,302,352,302,
353,278,368,278,353,302,368,302,
165,340,180,340,165,363,180,363,
181,340,196,340,181,363,196,363,
197,340,212,340,197,363,212,363,
213,340,228,340,213,363,228,363,
229,340,244,340,229,363,244,363,
245,340,260,340,245,363,260,363,
261,340,276,340,261,363,276,363,
277,340,292,340,277,363,292,363,
293,340,308,340,293,363,308,363,
309,340,324,340,309,363,324,363,
325,340,340,340,325,363,340,363,
409,274,424,274,409,301,424,301,
425,274,440,274,425,301,440,301,
441,274,456,274,441,301,456,301,
457,274,472,274,457,301,472,301,
473,274,488,274,473,301,488,301,
489,274,504,274,489,301,504,301,
443,331,458,331,443,355,458,355,
459,331,474,331,459,355,474,355,
475,331,490,331,475,355,490,355,
491,331,506,331,491,355,506,355,
507,331,522,331,507,355,522,355,
523,331,538,331,523,355,538,355,
539,331,554,331,539,355,554,355,
511,276,526,276,511,295,526,295,
527,276,542,276,527,295,542,295,
543,276,558,276,543,295,558,295,
470,308,485,308,470,327,485,327,
486,308,501,308,486,327,501,327,
509,308,524,308,509,327,524,327,
525,308,540,308,525,327,540,327,
541,308,556,308,541,327,556,327,
437,359,452,359,437,377,452,377,
453,359,468,359,453,377,468,377,
464,358,479,358,464,377,479,377,
480,358,495,358,480,377,495,377,
496,358,511,358,496,377,511,377,
512,358,527,358,512,377,527,377,
527,357,542,357,527,377,542,377,
543,357,558,357,543,377,558,377,
231,647,246,647,231,693,246,693,
247,647,262,647,247,693,262,693,
263,647,278,647,263,693,278,693,
279,647,294,647,279,693,294,693,
295,647,310,647,295,693,310,693,
311,647,326,647,311,693,326,693,
327,647,342,647,327,693,342,693,
343,647,358,647,343,693,358,693,
25,740,40,740,25,752,40,752,
13,743,28,743,13,750,28,750,
37,744,52,744,37,750,52,750,
53,744,68,744,53,750,68,750,
65,742,80,742,65,749,80,749,
72,738,87,738,72,749,87,749,
81,742,96,742,81,749,96,749,
97,742,112,742,97,749,112,749,
104,741,119,741,104,747,119,747,
120,741,135,741,120,747,135,747,
126,741,141,741,126,746,141,746,
142,741,157,741,142,746,157,746,
148,740,163,740,148,746,163,746,
164,740,179,740,164,746,179,746,
180,740,195,740,180,746,195,746,
164,746,179,746,164,751,179,751,
180,746,195,746,180,751,195,751,
186,738,201,738,186,745,201,745,
202,738,217,738,202,745,217,745,
193,745,208,745,193,750,208,750,
209,745,224,745,209,750,224,750,
208,738,223,738,208,743,223,743,
224,738,239,738,224,743,239,743,
227,738,242,738,227,744,242,744,
243,738,258,738,243,744,258,744,
225,744,240,744,225,748,240,748,
241,744,256,744,241,748,256,748,
247,737,262,737,247,743,262,743,
263,737,278,737,263,743,278,743,
271,737,286,737,271,741,286,741,
254,744,269,744,254,747,269,747,
270,744,285,744,270,747,285,747,
284,736,299,736,284,742,299,742,
279,743,294,743,279,747,294,747,
295,743,310,743,295,747,310,747,
299,736,314,736,299,741,314,741,
314,735,329,735,314,741,329,741,
305,742,320,742,305,746,320,746,
321,742,336,742,321,746,336,746,
322,735,337,735,322,741,337,741,
331,735,346,735,331,741,346,741,
347,735,362,735,347,741,362,741,
360,735,375,735,360,740,375,740,
375,735,390,735,375,741,390,741,
384,735,399,735,384,739,399,739,
400,735,415,735,400,739,415,739,
402,735,417,735,402,741,417,741,
418,735,433,735,418,741,433,741,
434,735,449,735,434,741,449,741,
438,734,453,734,438,740,453,740,
454,734,469,734,454,740,469,740,
470,734,485,734,470,740,485,740,
227,695,242,695,227,711,242,711,
108,699,123,699,108,716,123,716,
44,721,59,721,44,738,59,738,
55,720,70,720,55,737,70,737,
71,720,86,720,71,737,86,737,
87,720,102,720,87,737,102,737,
98,719,113,719,98,736,113,736,
114,719,129,719,114,736,129,736,
121,718,136,718,121,734,136,734,
137,718,152,718,137,734,152,734,
147,717,162,717,147,734,162,734,
163,717,178,717,163,734,178,734,
120,697,135,697,120,715,135,715,
136,697,151,697,136,715,151,715,
152,697,167,697,152,715,167,715,
152,673,167,673,152,694,167,694,
168,697,183,697,168,713,183,713,
166,671,181,671,166,694,181,694,
182,671,197,671,182,694,197,694,
198,671,213,671,198,694,213,694,
214,671,229,671,214,694,229,694,
183,696,198,696,183,712,198,712,
199,696,214,696,199,712,214,712,
215,696,230,696,215,712,230,712,
183,717,198,717,183,731,198,731,
193,715,208,715,193,730,208,730,
209,715,224,715,209,730,224,730,
225,715,240,715,225,730,240,730,
241,715,256,715,241,730,256,730,
255,715,270,715,255,728,270,728,
239,694,254,694,239,711,254,711,
255,694,270,694,255,711,270,711,
271,694,286,694,271,711,286,711,
270,714,285,714,270,729,285,729,
286,714,301,714,286,729,301,729,
286,694,301,694,286,709,301,709,
296,713,311,713,296,728,311,728,
312,713,327,713,312,728,327,728,
328,713,343,713,328,728,343,728,
300,691,315,691,300,708,315,708,
316,691,331,691,316,708,331,708,
332,691,347,691,332,708,347,708,
348,691,363,691,348,708,363,708,
364,691,379,691,364,708,379,708,
380,691,395,691,380,708,395,708,
339,712,354,712,339,727,354,727,
355,712,370,712,355,727,370,727,
371,712,386,712,371,727,386,727,
387,712,402,712,387,727,402,727,
403,712,418,712,403,727,418,727,
418,710,433,710,418,727,433,727,
434,710,449,710,434,727,449,727,
450,710,465,710,450,727,465,727,
138,635,153,635,138,643,153,643,
154,635,169,635,154,643,169,643,
170,635,185,635,170,643,185,643,
386,615,401,615,386,627,401,627,
402,615,417,615,402,627,417,627,
418,615,433,615,418,627,433,627,
1,909,16,909,1,926,16,926,
17,909,32,909,17,926,32,926,
161,874,176,874,161,889,176,889,
177,874,192,874,177,889,192,889,
193,874,208,874,193,889,208,889,
135,896,150,896,135,908,150,908,
149,897,164,897,149,914,164,914,
165,897,180,897,165,914,180,914,
181,897,196,897,181,914,196,914,
197,897,212,897,197,914,212,914,
213,897,228,897,213,914,228,914,
216,923,231,923,216,930,231,930,
232,923,247,923,232,930,247,930,
217,877,232,877,217,892,232,892,
233,877,248,877,233,892,248,892,
226,903,241,903,226,919,241,919,
242,903,257,903,242,919,257,919,
258,903,273,903,258,919,273,919,
255,877,270,877,255,892,270,892,
271,877,286,877,271,892,286,892,
287,877,302,877,287,892,302,892,
269,901,284,901,269,917,284,917,
285,901,300,901,285,917,300,917,
301,901,316,901,301,917,316,917,
317,901,332,901,317,917,332,917,
444,868,459,868,444,883,459,883,
460,868,475,868,460,883,475,883,
476,868,491,868,476,883,491,883,
492,868,507,868,492,883,507,883,
508,871,523,871,508,884,523,884,
524,871,539,871,524,884,539,884,
436,891,451,891,436,906,451,906,
452,891,467,891,452,906,467,906,
468,891,483,891,468,906,483,906,
484,891,499,891,484,906,499,906,
500,891,515,891,500,906,515,906,
422,889,437,889,422,902,437,902,
514,894,529,894,514,913,529,913,
530,894,545,894,530,913,545,913,
546,894,561,894,546,913,561,913,
502,914,517,914,502,922,517,922,
518,914,533,914,518,922,533,922,
544,872,559,872,544,884,559,884,
