163,159,178,159,163,258,178,258,
179,159,194,159,179,258,194,258,
195,159,210,159,195,258,210,258,
211,159,226,159,211,258,226,258,
227,159,242,159,227,258,242,258,
243,159,258,159,243,258,258,258,
259,159,274,159,259,258,274,258,
275,159,290,159,275,258,290,258,
291,159,306,159,291,258,306,258,
307,159,322,159,307,258,322,258,
323,159,338,159,323,258,338,258,
339,159,354,159,339,258,354,258,
355,159,370,159,355,258,370,258,
371,159,386,159,371,258,386,258,
387,159,402,159,387,258,402,258,
403,159,418,159,403,258,418,258,
419,159,434,159,419,258,434,258,
200,271,215,271,200,357,215,357,
216,271,231,271,216,357,231,357,
232,271,247,271,232,357,247,357,
248,271,263,271,248,357,263,357,
264,271,279,271,264,357,279,357,
280,271,295,271,280,357,295,357,
296,271,311,271,296,357,311,357,
312,271,327,271,312,357,327,357,
328,271,343,271,328,357,343,357,
344,271,359,271,344,357,359,357,
181,333,196,333,181,446,196,446,
197,333,212,333,197,446,212,446,
213,333,228,333,213,446,228,446,
229,333,244,333,229,446,244,446,
245,333,260,333,245,446,260,446,
261,333,276,333,261,446,276,446,
277,333,292,333,277,446,292,446,
293,333,308,333,293,446,308,446,
309,333,324,333,309,446,324,446,
325,333,340,333,325,446,340,446,
341,333,356,333,341,446,356,446,
357,333,372,333,357,446,372,446,
373,333,388,333,373,446,388,446,
372,434,387,434,372,486,387,486,
388,434,403,434,388,486,403,486,
404,434,419,434,404,486,419,486,
200,440,215,440,200,510,215,510,
216,440,231,440,216,510,231,510,
232,440,247,440,232,510,247,510,
248,440,263,440,248,510,263,510,
264,440,279,440,264,510,279,510,
280,440,295,440,280,510,295,510,
296,440,311,440,296,510,311,510,
312,440,327,440,312,510,327,510,
328,440,343,440,328,510,343,510,
199,499,214,499,199,608,214,608,
215,499,230,499,215,608,230,608,
231,499,246,499,231,608,246,608,
247,499,262,499,247,608,262,608,
263,499,278,499,263,608,278,608,
279,499,294,499,279,608,294,608,
295,499,310,499,295,608,310,608,
311,499,326,499,311,608,326,608,
327,499,342,499,327,608,342,608,
343,499,358,499,343,608,358,608,
359,499,374,499,359,608,374,608,
375,499,390,499,375,608,390,608,
391,499,406,499,391,608,406,608,
