160,414,175,414,160,513,175,513,
176,414,191,414,176,513,191,513,
192,414,207,414,192,513,207,513,
208,414,223,414,208,513,223,513,
224,414,239,414,224,513,239,513,
240,414,255,414,240,513,255,513,
256,414,271,414,256,513,271,513,
272,414,287,414,272,513,287,513,
288,414,303,414,288,513,303,513,
304,414,319,414,304,513,319,513,
320,414,335,414,320,513,335,513,
336,414,351,414,336,513,351,513,
352,414,367,414,352,513,367,513,
368,414,383,414,368,513,383,513,
384,414,399,414,384,513,399,513,
400,414,415,414,400,513,415,513,
416,414,431,414,416,513,431,513,
432,414,447,414,432,513,447,513,
448,414,463,414,448,513,463,513,
458,387,473,387,458,503,473,503,
474,387,489,387,474,503,489,503,
490,387,505,387,490,503,505,503,
506,387,521,387,506,503,521,503,
522,387,537,387,522,503,537,503,
538,387,553,387,538,503,553,503,
554,387,569,387,554,503,569,503,
570,387,585,387,570,503,585,503,
586,387,601,387,586,503,601,503,
602,387,617,387,602,503,617,503,
618,387,633,387,618,503,633,503,
634,387,649,387,634,503,649,503,
650,387,665,387,650,503,665,503,
666,387,681,387,666,503,681,503,
682,387,697,387,682,503,697,503,
151,287,166,287,151,401,166,401,
167,287,182,287,167,401,182,401,
183,287,198,287,183,401,198,401,
199,287,214,287,199,401,214,401,
215,287,230,287,215,401,230,401,
231,287,246,287,231,401,246,401,
247,287,262,287,247,401,262,401,
263,287,278,287,263,401,278,401,
279,287,294,287,279,401,294,401,
295,287,310,287,295,401,310,401,
311,287,326,287,311,401,326,401,
327,287,342,287,327,401,342,401,
343,287,358,287,343,401,358,401,
359,287,374,287,359,401,374,401,
375,287,390,287,375,401,390,401,
391,287,406,287,391,401,406,401,
407,287,422,287,407,401,422,401,
423,287,438,287,423,401,438,401,
439,287,454,287,439,401,454,401,
455,287,470,287,455,401,470,401,
471,287,486,287,471,401,486,401,
487,287,502,287,487,401,502,401,
503,287,518,287,503,401,518,401,
519,287,534,287,519,401,534,401,
535,287,550,287,535,401,550,401,
551,287,566,287,551,401,566,401,
567,287,582,287,567,401,582,401,
583,287,598,287,583,401,598,401,
599,287,614,287,599,401,614,401,
615,287,630,287,615,401,630,401,
631,287,646,287,631,401,646,401,
647,287,662,287,647,401,662,401,
663,287,678,287,663,401,678,401,
679,287,694,287,679,401,694,401,
