273,256,288,256,273,282,288,282,
289,256,304,256,289,282,304,282,
305,256,320,256,305,282,320,282,
281,283,296,283,281,310,296,310,
297,283,312,283,297,310,312,310,
313,283,328,283,313,310,328,310,
277,336,292,336,277,361,292,361,
293,336,308,336,293,361,308,361,
309,336,324,336,309,361,324,361,
325,336,340,336,325,361,340,361,
249,354,264,354,249,377,264,377,
265,354,280,354,265,377,280,377,
281,354,296,354,281,377,296,377,
293,363,308,363,293,387,308,387,
309,363,324,363,309,387,324,387,
325,363,340,363,325,387,340,387,
572,544,587,544,572,650,587,650,
1,504,16,504,1,522,16,522,
17,504,32,504,17,522,32,522,
45,488,60,488,45,526,60,526,
61,488,76,488,61,526,76,526,
77,488,92,488,77,526,92,526,
118,483,133,483,118,518,133,518,
134,483,149,483,134,518,149,518,
150,483,165,483,150,518,165,518,
166,483,181,483,166,518,181,518,
182,483,197,483,182,518,197,518,
198,483,213,483,198,518,213,518,
258,488,273,488,258,510,273,510,
287,496,302,496,287,512,302,512,
303,496,318,496,303,512,318,512,
316,492,331,492,316,512,331,512,
335,491,350,491,335,513,350,513,
351,491,366,491,351,513,366,513,
367,491,382,491,367,513,382,513,
382,490,397,490,382,514,397,514,
398,490,413,490,398,514,413,514,
414,490,429,490,414,514,429,514,
430,490,445,490,430,514,445,514,
502,450,517,450,502,465,517,465,
518,450,533,450,518,465,533,465,
524,449,539,449,524,460,539,460,
463,517,478,517,463,529,478,529,
479,517,494,517,479,529,494,529,
495,517,510,517,495,529,510,529,
147,541,162,541,147,550,162,550,
163,541,178,541,163,550,178,550,
179,541,194,541,179,550,194,550,
452,542,467,542,452,699,467,699,
468,542,483,542,468,699,483,699,
484,542,499,542,484,699,499,699,
500,542,515,542,500,699,515,699,
284,666,299,666,284,676,299,676,
300,666,315,666,300,676,315,676,
308,668,323,668,308,675,323,675,
324,668,339,668,324,675,339,675,
333,666,348,666,333,674,348,674,
349,666,364,666,349,674,364,674,
361,665,376,665,361,674,376,674,
377,665,392,665,377,674,392,674,
393,665,408,665,393,674,408,674,
409,665,424,665,409,674,424,674,
281,385,296,385,281,401,296,401,
293,388,308,388,293,408,308,408,
309,388,324,388,309,408,324,408,
325,388,340,388,325,408,340,408,
