194,309,209,309,194,422,209,422,
210,309,225,309,210,422,225,422,
226,309,241,309,226,422,241,422,
242,309,257,309,242,422,257,422,
258,309,273,309,258,422,273,422,
274,309,289,309,274,422,289,422,
290,309,305,309,290,422,305,422,
306,309,321,309,306,422,321,422,
322,309,337,309,322,422,337,422,
338,309,353,309,338,422,353,422,
354,309,369,309,354,422,369,422,
370,309,385,309,370,422,385,422,
386,309,401,309,386,422,401,422,
402,309,417,309,402,422,417,422,
418,309,433,309,418,422,433,422,
434,309,449,309,434,422,449,422,
450,309,465,309,450,422,465,422,
466,309,481,309,466,422,481,422,
482,309,497,309,482,422,497,422,
200,407,215,407,200,559,215,559,
216,407,231,407,216,559,231,559,
232,407,247,407,232,559,247,559,
248,407,263,407,248,559,263,559,
264,407,279,407,264,559,279,559,
280,407,295,407,280,559,295,559,
296,407,311,407,296,559,311,559,
312,407,327,407,312,559,327,559,
328,407,343,407,328,559,343,559,
344,407,359,407,344,559,359,559,
360,407,375,407,360,559,375,559,
376,407,391,407,376,559,391,559,
392,407,407,407,392,559,407,559,
408,407,423,407,408,559,423,559,
424,407,439,407,424,559,439,559,
440,407,455,407,440,559,455,559,
456,407,471,407,456,559,471,559,
472,407,487,407,472,559,487,559,
488,407,503,407,488,559,503,559,
504,407,519,407,504,559,519,559,
251,522,266,522,251,556,266,556,
267,522,282,522,267,556,282,556,
283,522,298,522,283,556,298,556,
299,522,314,522,299,556,314,556,
315,522,330,522,315,556,330,556,
331,522,346,522,331,556,346,556,
