54,449,69,449,54,497,69,497,
70,449,85,449,70,497,85,497,
86,449,101,449,86,497,101,497,
102,449,117,449,102,497,117,497,
118,449,133,449,118,497,133,497,
134,449,149,449,134,497,149,497,
150,449,165,449,150,497,165,497,
166,449,181,449,166,497,181,497,
182,449,197,449,182,497,197,497,
198,449,213,449,198,497,213,497,
214,449,229,449,214,497,229,497,
230,449,245,449,230,497,245,497,
246,449,261,449,246,497,261,497,
262,449,277,449,262,497,277,497,
278,449,293,449,278,497,293,497,
294,449,309,449,294,497,309,497,
310,449,325,449,310,497,325,497,
326,449,341,449,326,497,341,497,
342,449,357,449,342,497,357,497,
358,449,373,449,358,497,373,497,
374,449,389,449,374,497,389,497,
396,451,411,451,396,499,411,499,
412,451,427,451,412,499,427,499,
428,451,443,451,428,499,443,499,
444,451,459,451,444,499,459,499,
460,451,475,451,460,499,475,499,
476,451,491,451,476,499,491,499,
492,451,507,451,492,499,507,499,
508,451,523,451,508,499,523,499,
436,388,451,388,436,433,451,433,
452,388,467,388,452,433,467,433,
468,388,483,388,468,433,483,433,
484,388,499,388,484,433,499,433,
500,388,515,388,500,433,515,433,
516,388,531,388,516,433,531,433,
532,388,547,388,532,433,547,433,
352,387,367,387,352,433,367,433,
368,387,383,387,368,433,383,433,
384,387,399,387,384,433,399,433,
400,387,415,387,400,433,415,433,
416,387,431,387,416,433,431,433,
247,386,262,386,247,431,262,431,
263,386,278,386,263,431,278,431,
279,386,294,386,279,431,294,431,
295,386,310,386,295,431,310,431,
311,386,326,386,311,431,326,431,
327,386,342,386,327,431,342,431,
83,387,98,387,83,433,98,433,
99,387,114,387,99,433,114,433,
115,387,130,387,115,433,130,433,
131,387,146,387,131,433,146,433,
147,387,162,387,147,433,162,433,
163,387,178,387,163,433,178,433,
179,387,194,387,179,433,194,433,
195,387,210,387,195,433,210,433,
211,387,226,387,211,433,226,433,
227,387,242,387,227,433,242,433,
32,388,47,388,32,427,47,427,
48,388,63,388,48,427,63,427,
64,388,79,388,64,427,79,427,
80,388,95,388,80,427,95,427,
162,260,177,260,162,305,177,305,
178,260,193,260,178,305,193,305,
194,260,209,260,194,305,209,305,
210,260,225,260,210,305,225,305,
226,260,241,260,226,305,241,305,
252,262,267,262,252,306,267,306,
268,262,283,262,268,306,283,306,
284,262,299,262,284,306,299,306,
300,262,315,262,300,306,315,306,
316,262,331,262,316,306,331,306,
337,263,352,263,337,308,352,308,
353,263,368,263,353,308,368,308,
369,263,384,263,369,308,384,308,
385,263,400,263,385,308,400,308,
401,263,416,263,401,308,416,308,
191,54,206,54,191,159,206,159,
207,54,222,54,207,159,222,159,
223,54,238,54,223,159,238,159,
239,54,254,54,239,159,254,159,
255,54,270,54,255,159,270,159,
271,54,286,54,271,159,286,159,
287,54,302,54,287,159,302,159,
303,54,318,54,303,159,318,159,
319,54,334,54,319,159,334,159,
335,54,350,54,335,159,350,159,
351,54,366,54,351,159,366,159,
367,54,382,54,367,159,382,159,
383,54,398,54,383,159,398,159,
399,54,414,54,399,159,414,159,
415,54,430,54,415,159,430,159,
431,54,446,54,431,159,446,159,
447,54,462,54,447,159,462,159,
463,54,478,54,463,159,478,159,
479,54,494,54,479,159,494,159,
495,54,510,54,495,159,510,159,
511,54,526,54,511,159,526,159,
527,54,542,54,527,159,542,159,
45,54,60,54,45,145,60,145,
61,54,76,54,61,145,76,145,
77,54,92,54,77,145,92,145,
93,54,108,54,93,145,108,145,
109,54,124,54,109,145,124,145,
125,54,140,54,125,145,140,145,
141,54,156,54,141,145,156,145,
157,54,172,54,157,145,172,145,
173,54,188,54,173,145,188,145,
