281,501,296,501,281,534,296,534,
297,501,312,501,297,534,312,534,
313,501,328,501,313,534,328,534,
329,501,344,501,329,534,344,534,
345,501,360,501,345,534,360,534,
361,501,376,501,361,534,376,534,
249,495,264,495,249,541,264,541,
265,495,280,495,265,541,280,541,
135,497,150,497,135,540,150,540,
151,497,166,497,151,540,166,540,
167,497,182,497,167,540,182,540,
183,497,198,497,183,540,198,540,
199,497,214,497,199,540,214,540,
215,497,230,497,215,540,230,540,
231,497,246,497,231,540,246,540,
130,433,145,433,130,493,145,493,
146,433,161,433,146,493,161,493,
162,433,177,433,162,493,177,493,
178,433,193,433,178,493,193,493,
194,433,209,433,194,493,209,493,
210,433,225,433,210,493,225,493,
226,433,241,433,226,493,241,493,
242,433,257,433,242,493,257,493,
258,433,273,433,258,493,273,493,
274,423,289,423,274,478,289,478,
290,423,305,423,290,478,305,478,
306,423,321,423,306,478,321,478,
322,423,337,423,322,478,337,478,
338,423,353,423,338,478,353,478,
354,423,369,423,354,478,369,478,
370,423,385,423,370,478,385,478,
377,417,392,417,377,472,392,472,
393,417,408,417,393,472,408,472,
409,417,424,417,409,472,424,472,
425,417,440,417,425,472,440,472,
441,417,456,417,441,472,456,472,
457,417,472,417,457,472,472,472,
473,417,488,417,473,472,488,472,
295,468,310,468,295,493,310,493,
311,468,326,468,311,493,326,493,
303,413,318,413,303,438,318,438,
319,413,334,413,319,438,334,438,
397,377,412,377,397,406,412,406,
413,377,428,377,413,406,428,406,
429,377,444,377,429,406,444,406,
445,377,460,377,445,406,460,406,
461,377,476,377,461,406,476,406,
374,388,389,388,374,409,389,409,
390,388,405,388,390,409,405,409,
286,387,301,387,286,428,301,428,
302,387,317,387,302,428,317,428,
318,387,333,387,318,428,333,428,
334,387,349,387,334,428,349,428,
350,387,365,387,350,428,365,428,
366,387,381,387,366,428,381,428,
128,376,143,376,128,432,143,432,
144,376,159,376,144,432,159,432,
160,376,175,376,160,432,175,432,
176,376,191,376,176,432,191,432,
192,376,207,376,192,432,207,432,
208,376,223,376,208,432,223,432,
224,376,239,376,224,432,239,432,
240,376,255,376,240,432,255,432,
256,376,271,376,256,432,271,432,
272,376,287,376,272,432,287,432,
308,355,323,355,308,389,323,389,
324,355,339,355,324,389,339,389,
136,320,151,320,136,380,151,380,
152,320,167,320,152,380,167,380,
168,320,183,320,168,380,183,380,
184,320,199,320,184,380,199,380,
200,320,215,320,200,380,215,380,
216,320,231,320,216,380,231,380,
232,320,247,320,232,380,247,380,
248,320,263,320,248,380,263,380,
264,320,279,320,264,380,279,380,
280,320,295,320,280,380,295,380,
133,274,148,274,133,334,148,334,
149,274,164,274,149,334,164,334,
165,274,180,274,165,334,180,334,
181,274,196,274,181,334,196,334,
197,274,212,274,197,334,212,334,
213,274,228,274,213,334,228,334,
229,274,244,274,229,334,244,334,
245,274,260,274,245,334,260,334,
261,274,276,274,261,334,276,334,
277,274,292,274,277,334,292,334,
293,274,308,274,293,334,308,334,
125,231,140,231,125,304,140,304,
141,231,156,231,141,304,156,304,
157,231,172,231,157,304,172,304,
173,231,188,231,173,304,188,304,
189,231,204,231,189,304,204,304,
205,231,220,231,205,304,220,304,
221,231,236,231,221,304,236,304,
237,231,252,231,237,304,252,304,
327,305,342,305,327,349,342,349,
343,305,358,305,343,349,358,349,
359,305,374,305,359,349,374,349,
375,305,390,305,375,349,390,349,
391,305,406,305,391,349,406,349,
346,249,361,249,346,302,361,302,
362,249,377,249,362,302,377,302,
378,249,393,249,378,302,393,302,
394,249,409,249,394,302,409,302,
410,249,425,249,410,302,425,302,
426,249,441,249,426,302,441,302,
442,249,457,249,442,302,457,302,
307,165,322,165,307,222,322,222,
323,165,338,165,323,222,338,222,
339,165,354,165,339,222,354,222,
355,165,370,165,355,222,370,222,
371,165,386,165,371,222,386,222,
387,165,402,165,387,222,402,222,
403,165,418,165,403,222,418,222,
419,165,434,165,419,222,434,222,
435,165,450,165,435,222,450,222,
451,165,466,165,451,222,466,222,
467,165,482,165,467,222,482,222,
483,165,498,165,483,222,498,222,
499,165,514,165,499,222,514,222,
153,163,168,163,153,227,168,227,
169,163,184,163,169,227,184,227,
185,163,200,163,185,227,200,227,
201,163,216,163,201,227,216,227,
217,163,232,163,217,227,232,227,
233,163,248,163,233,227,248,227,
249,163,264,163,249,227,264,227,
265,163,280,163,265,227,280,227,
281,163,296,163,281,227,296,227,
