156,459,171,459,156,517,171,517,
172,459,187,459,172,517,187,517,
188,459,203,459,188,517,203,517,
204,459,219,459,204,517,219,517,
220,459,235,459,220,517,235,517,
236,459,251,459,236,517,251,517,
252,459,267,459,252,517,267,517,
268,459,283,459,268,517,283,517,
284,459,299,459,284,517,299,517,
300,459,315,459,300,517,315,517,
316,459,331,459,316,517,331,517,
332,459,347,459,332,517,347,517,
149,644,164,644,149,654,164,654,
165,644,180,644,165,654,180,654,
127,671,142,671,127,677,142,677,
143,671,158,671,143,677,158,677,
127,678,142,678,127,684,142,684,
143,678,158,678,143,684,158,684,
124,693,139,693,124,699,139,699,
140,693,155,693,140,699,155,699,
123,700,138,700,123,705,138,705,
139,700,154,700,139,705,154,705,
155,700,170,700,155,705,170,705,
301,768,316,768,301,781,316,781,
317,768,332,768,317,781,332,781,
333,768,348,768,333,781,348,781,
374,766,389,766,374,776,389,776,
390,766,405,766,390,776,405,776,
406,766,421,766,406,776,421,776,
318,705,333,705,318,715,333,715,
334,705,349,705,334,715,349,715,
