11,237,26,237,11,259,26,259,
4,260,19,260,4,278,19,278,
20,260,35,260,20,278,35,278,
1,283,16,283,1,303,16,303,
17,283,32,283,17,303,32,303,
2,303,17,303,2,326,17,326,
18,303,33,303,18,326,33,326,
34,303,49,303,34,326,49,326,
1,303,16,303,1,324,16,324,
43,388,58,388,43,399,58,399,
59,388,74,388,59,399,74,399,
79,388,94,388,79,397,94,397,
93,388,108,388,93,398,108,398,
109,388,124,388,109,398,124,398,
125,388,140,388,125,398,140,398,
144,389,159,389,144,398,159,398,
160,389,175,389,160,398,175,398,
176,389,191,389,176,398,191,398,
199,390,214,390,199,400,214,400,
215,390,230,390,215,400,230,400,
238,391,253,391,238,400,253,400,
252,391,267,391,252,401,267,401,
268,391,283,391,268,401,283,401,
275,391,290,391,275,401,290,401,
291,391,306,391,291,401,306,401,
304,392,319,392,304,401,319,401,
320,392,335,392,320,401,335,401,
336,392,351,392,336,401,351,401,
357,392,372,392,357,403,372,403,
373,392,388,392,373,403,388,403,
391,394,406,394,391,403,406,403,
407,394,422,394,407,403,422,403,
415,394,430,394,415,404,430,404,
431,394,446,394,431,404,446,404,
437,395,452,395,437,404,452,404,
453,395,468,395,453,404,468,404,
469,395,484,395,469,404,484,404,
485,395,500,395,485,404,500,404,
461,450,476,450,461,456,476,456,
471,450,486,450,471,456,486,456,
487,450,502,450,487,456,502,456,
463,456,478,456,463,461,478,461,
475,456,490,456,475,462,490,462,
491,456,506,456,491,462,506,462,
376,448,391,448,376,453,391,453,
389,448,404,448,389,454,404,454,
402,448,417,448,402,453,417,453,
367,454,382,454,367,460,382,460,
383,454,398,454,383,460,398,460,
389,454,404,454,389,460,404,460,
396,454,411,454,396,460,411,460,
412,454,427,454,412,460,427,460,
213,445,228,445,213,451,228,451,
221,445,236,445,221,451,236,451,
237,445,252,445,237,451,252,451,
203,450,218,450,203,457,218,457,
219,450,234,450,219,457,234,457,
225,451,240,451,225,457,240,457,
241,451,256,451,241,457,256,457,
132,443,147,443,132,450,147,450,
148,443,163,443,148,450,163,450,
125,449,140,449,125,455,140,455,
141,449,156,449,141,455,156,455,
150,450,165,450,150,456,165,456,
51,442,66,442,51,448,66,448,
66,442,81,442,66,448,81,448,
40,448,55,448,40,454,55,454,
55,449,70,449,55,455,70,455,
70,449,85,449,70,455,85,455,
287,446,302,446,287,451,302,451,
301,446,316,446,301,452,316,452,
312,446,327,446,312,452,327,452,
328,446,343,446,328,452,343,452,
294,452,309,452,294,458,309,458,
306,452,321,452,306,458,321,458,
318,452,333,452,318,458,333,458,
169,549,184,549,169,570,184,570,
185,549,200,549,185,570,200,570,
201,549,216,549,201,570,216,570,
217,549,232,549,217,570,232,570,
233,549,248,549,233,570,248,570,
166,570,181,570,166,580,181,580,
182,570,197,570,182,580,197,580,
198,570,213,570,198,580,213,580,
248,547,263,547,248,568,263,568,
264,547,279,547,264,568,279,568,
280,547,295,547,280,568,295,568,
296,547,311,547,296,568,311,568,
312,547,327,547,312,568,327,568,
328,547,343,547,328,568,343,568,
344,547,359,547,344,568,359,568,
299,532,314,532,299,544,314,544,
315,532,330,532,315,544,330,544,
331,532,346,532,331,544,346,544,
335,531,350,531,335,545,350,545,
351,531,366,531,351,545,366,545,
292,586,307,586,292,596,307,596,
308,586,323,586,308,596,323,596,
324,586,339,586,324,596,339,596,
340,586,355,586,340,596,355,596,
269,358,284,358,269,367,284,367,
285,358,300,358,285,367,300,367,
252,367,267,367,252,375,267,375,
268,367,283,367,268,375,283,375,
284,367,299,367,284,375,299,375,
300,367,315,367,300,375,315,375,
253,374,268,374,253,383,268,383,
269,374,284,374,269,383,284,383,
281,375,296,375,281,383,296,383,
297,375,312,375,297,383,312,383,
364,360,379,360,364,368,379,368,
380,360,395,360,380,368,395,368,
357,368,372,368,357,377,372,377,
373,368,388,368,373,377,388,377,
389,368,404,368,389,377,404,377,
355,376,370,376,355,385,370,385,
371,376,386,376,371,385,386,385,
377,376,392,376,377,385,392,385,
393,376,408,376,393,385,408,385,
456,362,471,362,456,370,471,370,
472,362,487,362,472,370,487,370,
445,370,460,370,445,378,460,378,
461,370,476,370,461,378,476,378,
475,372,490,372,475,379,490,379,
487,371,502,371,487,377,502,377,
441,377,456,377,441,386,456,386,
448,378,463,378,448,387,463,387,
464,378,479,378,464,387,479,387,
468,378,483,378,468,387,483,387,
484,378,499,378,484,387,499,387,
500,378,515,378,500,387,515,387,
119,247,134,247,119,261,134,261,
120,262,135,262,120,266,135,266,
120,267,135,267,120,289,135,289,
136,237,151,237,136,269,151,269,
137,268,152,268,137,305,152,305,
134,187,149,187,134,228,149,228,
202,1,217,1,202,12,217,12,
218,1,233,1,218,12,233,12,
234,1,249,1,234,12,249,12,
268,1,283,1,268,4,283,4,
284,1,299,1,284,4,299,4,
300,1,315,1,300,4,315,4,
275,4,290,4,275,19,290,19,
291,4,306,4,291,19,306,19,
321,1,336,1,321,14,336,14,
337,1,352,1,337,14,352,14,
353,1,368,1,353,14,368,14,
250,88,265,88,250,115,265,115,
266,88,281,88,266,115,281,115,
282,88,297,88,282,115,297,115,
244,120,259,120,244,128,259,128,
300,91,315,91,300,112,315,112,
316,91,331,91,316,112,331,112,
332,91,347,91,332,112,347,112,
353,89,368,89,353,111,368,111,
369,89,384,89,369,111,384,111,
385,89,400,89,385,111,400,111,
325,118,340,118,325,126,340,126,
406,115,421,115,406,123,421,123,
239,386,254,386,239,391,254,391,
255,386,270,386,255,391,270,391,
271,386,286,386,271,391,286,391,
287,386,302,386,287,391,302,391,
303,386,318,386,303,391,318,391,
319,386,334,386,319,391,334,391,
335,386,350,386,335,391,350,391,
395,389,410,389,395,394,410,394,
411,389,426,389,411,394,426,394,
427,389,442,389,427,394,442,394,
443,389,458,389,443,394,458,394,
459,389,474,389,459,394,474,394,
475,389,490,389,475,394,490,394,
375,388,390,388,375,391,390,391,
353,388,368,388,353,391,368,391,
219,385,234,385,219,389,234,389,
197,385,212,385,197,388,212,388,
68,383,83,383,68,388,83,388,
84,383,99,383,84,388,99,388,
100,383,115,383,100,388,115,388,
116,383,131,383,116,388,131,388,
132,383,147,383,132,388,147,388,
148,383,163,383,148,388,163,388,
164,383,179,383,164,388,179,388,
180,383,195,383,180,388,195,388,
340,280,355,280,340,286,355,286,
356,280,371,280,356,286,371,286,
372,280,387,280,372,286,387,286,
432,144,447,144,432,154,447,154,
448,144,463,144,448,154,463,154,
425,136,440,136,425,144,440,144,
441,136,456,136,441,144,456,144,
432,128,447,128,432,135,447,135,
403,198,418,198,403,225,418,225,
419,198,434,198,419,225,434,225,
433,183,448,183,433,203,448,203,
369,198,384,198,369,208,384,208,
364,188,379,188,364,198,379,198,
358,181,373,181,358,188,373,188,
318,147,333,147,318,158,333,158,
334,147,349,147,334,158,349,158,
350,147,365,147,350,158,365,158,
331,131,346,131,331,139,346,139,
347,131,362,131,347,139,362,139,
363,131,378,131,363,139,378,139,
331,138,346,138,331,145,346,145,
347,138,362,138,347,145,362,145,
363,138,378,138,363,145,378,145,
363,146,378,146,363,153,378,153,
265,148,280,148,265,159,280,159,
281,148,296,148,281,159,296,159,
255,149,270,149,255,159,270,159,
260,131,275,131,260,140,275,140,
276,131,291,131,276,140,291,140,
252,139,267,139,252,148,267,148,
268,139,283,139,268,148,283,148,
284,139,299,139,284,148,299,148,
201,164,216,164,201,176,216,176,
217,164,232,164,217,176,232,176,
202,153,217,153,202,165,217,165,
218,153,233,153,218,165,233,165,
200,138,215,138,200,148,215,148,
216,138,231,138,216,148,231,148,
211,124,226,124,211,133,226,133,
180,153,195,153,180,165,195,165,
533,237,548,237,533,246,548,246,
549,237,564,237,549,246,564,246,
195,505,210,505,195,525,210,525,
211,505,226,505,211,525,226,525,
227,505,242,505,227,525,242,525,
243,505,258,505,243,525,258,525,
259,505,274,505,259,525,274,525,
275,505,290,505,275,525,290,525,
291,505,306,505,291,525,306,525,
307,505,322,505,307,525,322,525,
323,505,338,505,323,525,338,525,
