253,300,268,300,253,311,268,311,
269,300,284,300,269,311,284,311,
285,300,300,300,285,311,300,311,
301,300,316,300,301,311,316,311,
222,276,237,276,222,295,237,295,
238,276,253,276,238,295,253,295,
254,276,269,276,254,295,269,295,
270,276,285,276,270,295,285,295,
286,276,301,276,286,295,301,295,
302,276,317,276,302,295,317,295,
318,276,333,276,318,295,333,295,
334,276,349,276,334,295,349,295,
279,236,294,236,279,244,294,244,
771,292,786,292,771,302,786,302,
787,292,802,292,787,302,802,302,
803,292,818,292,803,302,818,302,
819,292,834,292,819,302,834,302,
731,266,746,266,731,286,746,286,
747,266,762,266,747,286,762,286,
763,266,778,266,763,286,778,286,
779,266,794,266,779,286,794,286,
795,266,810,266,795,286,810,286,
811,266,826,266,811,286,826,286,
827,266,842,266,827,286,842,286,
843,266,858,266,843,286,858,286,
859,266,874,266,859,286,874,286,
793,224,808,224,793,232,808,232,
753,256,768,256,753,263,768,263,
769,256,784,256,769,263,784,263,
785,256,800,256,785,263,800,263,
801,256,816,256,801,263,816,263,
817,256,832,256,817,263,832,263,
246,267,261,267,246,275,261,275,
262,267,277,267,262,275,277,275,
278,267,293,267,278,275,293,275,
294,267,309,267,294,275,309,275,
310,267,325,267,310,275,325,275,
726,522,741,522,726,536,741,536,
768,524,783,524,768,540,783,540,
784,524,799,524,784,540,799,540,
308,549,323,549,308,554,323,554,
324,549,339,549,324,554,339,554,
884,488,899,488,884,493,899,493,
