162,224,177,224,162,351,177,351,
178,224,193,224,178,351,193,351,
194,224,209,224,194,351,209,351,
210,224,225,224,210,351,225,351,
226,224,241,224,226,351,241,351,
242,224,257,224,242,351,257,351,
258,224,273,224,258,351,273,351,
274,224,289,224,274,351,289,351,
290,224,305,224,290,351,305,351,
306,224,321,224,306,351,321,351,
322,224,337,224,322,351,337,351,
338,224,353,224,338,351,353,351,
354,224,369,224,354,351,369,351,
370,224,385,224,370,351,385,351,
386,224,401,224,386,351,401,351,
402,224,417,224,402,351,417,351,
418,224,433,224,418,351,433,351,
434,224,449,224,434,351,449,351,
450,224,465,224,450,351,465,351,
269,530,284,530,269,567,284,567,
285,530,300,530,285,567,300,567,
301,530,316,530,301,567,316,567,
317,530,332,530,317,567,332,567,
333,530,348,530,333,567,348,567,
159,580,174,580,159,609,174,609,
175,580,190,580,175,609,190,609,
191,580,206,580,191,609,206,609,
207,580,222,580,207,609,222,609,
223,580,238,580,223,609,238,609,
244,582,259,582,244,613,259,613,
260,582,275,582,260,613,275,613,
276,582,291,582,276,613,291,613,
301,587,316,587,301,618,316,618,
317,587,332,587,317,618,332,618,
333,587,348,587,333,618,348,618,
349,587,364,587,349,618,364,618,
365,587,380,587,365,618,380,618,
389,592,404,592,389,624,404,624,
405,592,420,592,405,624,420,624,
421,592,436,592,421,624,436,624,
437,592,452,592,437,624,452,624,
453,592,468,592,453,624,468,624,
98,370,113,370,98,382,113,382,
114,370,129,370,114,382,129,382,
98,353,113,353,98,357,113,357,
114,353,129,353,114,357,129,357,
568,676,583,676,568,700,583,700,
584,676,599,676,584,700,599,700,
