214,503,229,503,214,519,229,519,
230,503,245,503,230,519,245,519,
215,480,230,480,215,503,230,503,
231,480,246,480,231,503,246,503,
107,379,122,379,107,417,122,417,
123,379,138,379,123,417,138,417,
139,379,154,379,139,417,154,417,
155,379,170,379,155,417,170,417,
171,379,186,379,171,417,186,417,
187,379,202,379,187,417,202,417,
203,379,218,379,203,417,218,417,
219,379,234,379,219,417,234,417,
235,379,250,379,235,417,250,417,
251,379,266,379,251,417,266,417,
275,378,290,378,275,407,290,407,
291,378,306,378,291,407,306,407,
306,372,321,372,306,410,321,410,
322,372,337,372,322,410,337,410,
338,372,353,372,338,410,353,410,
354,372,369,372,354,410,369,410,
370,372,385,372,370,410,385,410,
122,187,137,187,122,384,137,384,
138,187,153,187,138,384,153,384,
154,187,169,187,154,384,169,384,
170,187,185,187,170,384,185,384,
186,187,201,187,186,384,201,384,
202,187,217,187,202,384,217,384,
252,160,267,160,252,370,267,370,
268,160,283,160,268,370,283,370,
284,160,299,160,284,370,299,370,
300,160,315,160,300,370,315,370,
316,160,331,160,316,370,331,370,
332,160,347,160,332,370,347,370,
348,160,363,160,348,370,363,370,
364,160,379,160,364,370,379,370,
138,135,153,135,138,201,153,201,
154,135,169,135,154,201,169,201,
170,135,185,135,170,201,185,201,
186,135,201,135,186,201,201,201,
202,135,217,135,202,201,217,201,
218,135,233,135,218,201,233,201,
234,135,249,135,234,201,249,201,
19,417,34,417,19,797,34,797,
35,417,50,417,35,797,50,797,
51,417,66,417,51,797,66,797,
262,115,277,115,262,166,277,166,
278,115,293,115,278,166,293,166,
294,115,309,115,294,166,309,166,
310,115,325,115,310,166,325,166,
326,115,341,115,326,166,341,166,
342,115,357,115,342,166,357,166,
121,416,136,416,121,445,136,445,
137,416,152,416,137,445,152,445,
153,416,168,416,153,445,168,445,
169,425,184,425,169,431,184,431,
180,414,195,414,180,439,195,439,
196,414,211,414,196,439,211,439,
212,414,227,414,212,439,227,439,
228,414,243,414,228,439,243,439,
244,414,259,414,244,439,259,439,
248,421,263,421,248,429,263,429,
264,421,279,421,264,429,279,429,
271,409,286,409,271,443,286,443,
287,409,302,409,287,443,302,443,
303,409,318,409,303,443,318,443,
319,409,334,409,319,443,334,443,
335,409,350,409,335,443,350,443,
351,409,366,409,351,443,366,443,
203,532,218,532,203,591,218,591,
219,532,234,532,219,591,234,591,
229,557,244,557,229,567,244,567,
238,532,253,532,238,580,253,580,
