355,189,370,189,355,457,370,457,
371,189,386,189,371,457,386,457,
387,189,402,189,387,457,402,457,
403,189,418,189,403,457,418,457,
419,189,434,189,419,457,434,457,
435,189,450,189,435,457,450,457,
451,189,466,189,451,457,466,457,
467,189,482,189,467,457,482,457,
483,189,498,189,483,457,498,457,
499,189,514,189,499,457,514,457,
515,189,530,189,515,457,530,457,
531,189,546,189,531,457,546,457,
547,189,562,189,547,457,562,457,
563,189,578,189,563,457,578,457,
579,189,594,189,579,457,594,457,
595,189,610,189,595,457,610,457,
611,189,626,189,611,457,626,457,
627,189,642,189,627,457,642,457,
643,189,658,189,643,457,658,457,
659,189,674,189,659,457,674,457,
675,189,690,189,675,457,690,457,
691,189,706,189,691,457,706,457,
707,189,722,189,707,457,722,457,
723,189,738,189,723,457,738,457,
739,189,754,189,739,457,754,457,
755,189,770,189,755,457,770,457,
771,189,786,189,771,457,786,457,
787,189,802,189,787,457,802,457,
803,189,818,189,803,457,818,457,
819,189,834,189,819,457,834,457,
835,189,850,189,835,457,850,457,
851,189,866,189,851,457,866,457,
867,189,882,189,867,457,882,457,
