202,291,217,291,202,310,217,310,
218,291,233,291,218,310,233,310,
234,291,249,291,234,310,249,310,
250,291,265,291,250,310,265,310,
266,291,281,291,266,310,281,310,
282,291,297,291,282,310,297,310,
395,290,410,290,395,310,410,310,
411,290,426,290,411,310,426,310,
427,290,442,290,427,310,442,310,
443,290,458,290,443,310,458,310,
459,290,474,290,459,310,474,310,
475,290,490,290,475,310,490,310,
491,290,506,290,491,310,506,310,
194,361,209,361,194,381,209,381,
210,361,225,361,210,381,225,381,
226,361,241,361,226,381,241,381,
242,361,257,361,242,381,257,381,
258,361,273,361,258,381,273,381,
183,433,198,433,183,454,198,454,
199,433,214,433,199,454,214,454,
215,433,230,433,215,454,230,454,
231,433,246,433,231,454,246,454,
247,433,262,433,247,454,262,454,
263,433,278,433,263,454,278,454,
159,315,174,315,159,324,174,324,
175,315,190,315,175,324,190,324,
410,316,425,316,410,326,425,326,
426,316,441,316,426,326,441,326,
442,316,457,316,442,326,457,326,
209,385,224,385,209,395,224,395,
225,385,240,385,225,395,240,395,
241,385,256,385,241,395,256,395,
159,388,174,388,159,397,174,397,
175,388,190,388,175,397,190,397,
191,456,206,456,191,467,206,467,
207,456,222,456,207,467,222,467,
157,459,172,459,157,468,172,468,
173,459,188,459,173,468,188,468,
508,318,523,318,508,328,523,328,
524,318,539,318,524,328,539,328,
540,318,555,318,540,328,555,328,
200,315,215,315,200,326,215,326,
216,315,231,315,216,326,231,326,
232,315,247,315,232,326,247,326,
242,315,257,315,242,326,257,326,
258,315,273,315,258,326,273,326,
274,315,289,315,274,326,289,326,
222,457,237,457,222,469,237,469,
238,457,253,457,238,469,253,469,
254,457,269,457,254,469,269,469,
452,316,467,316,452,326,467,326,
468,316,483,316,468,326,483,326,
