158,351,173,351,158,401,173,401,
174,351,189,351,174,401,189,401,
190,351,205,351,190,401,205,401,
206,351,221,351,206,401,221,401,
222,351,237,351,222,401,237,401,
238,351,253,351,238,401,253,401,
254,351,269,351,254,401,269,401,
270,351,285,351,270,401,285,401,
286,351,301,351,286,401,301,401,
302,351,317,351,302,401,317,401,
318,351,333,351,318,401,333,401,
406,346,421,346,406,397,421,397,
422,346,437,346,422,397,437,397,
438,346,453,346,438,397,453,397,
454,346,469,346,454,397,469,397,
470,346,485,346,470,397,485,397,
486,346,501,346,486,397,501,397,
502,346,517,346,502,397,517,397,
549,347,564,347,549,397,564,397,
565,347,580,347,565,397,580,397,
581,347,596,347,581,397,596,397,
597,347,612,347,597,397,612,397,
613,347,628,347,613,397,628,397,
629,347,644,347,629,397,644,397,
645,347,660,347,645,397,660,397,
661,347,676,347,661,397,676,397,
