338,145,353,145,338,165,353,165,
354,145,369,145,354,165,369,165,
370,145,385,145,370,165,385,165,
386,145,401,145,386,165,401,165,
339,167,354,167,339,186,354,186,
355,167,370,167,355,186,370,186,
371,167,386,167,371,186,386,186,
387,167,402,167,387,186,402,186,
340,191,355,191,340,209,355,209,
356,191,371,191,356,209,371,209,
372,191,387,191,372,209,387,209,
388,191,403,191,388,209,403,209,
452,157,467,157,452,196,467,196,
468,157,483,157,468,196,483,196,
484,157,499,157,484,196,499,196,
500,157,515,157,500,196,515,196,
516,157,531,157,516,196,531,196,
532,157,547,157,532,196,547,196,
