335,62,350,62,335,87,350,87,
351,62,366,62,351,87,366,87,
367,62,382,62,367,87,382,87,
383,62,398,62,383,87,398,87,
351,92,366,92,351,333,366,333,
367,92,382,92,367,333,382,333,
383,92,398,92,383,333,398,333,
399,92,414,92,399,333,414,333,
369,350,384,350,369,393,384,393,
385,350,400,350,385,393,400,393,
401,350,416,350,401,393,416,393,
417,350,432,350,417,393,432,393,
375,405,390,405,375,421,390,421,
391,405,406,405,391,421,406,421,
407,405,422,405,407,421,422,421,
423,405,438,405,423,421,438,421,
376,421,391,421,376,435,391,435,
392,421,407,421,392,435,407,435,
408,421,423,421,408,435,423,435,
424,421,439,421,424,435,439,435,
378,436,393,436,378,451,393,451,
394,436,409,436,394,451,409,451,
410,436,425,436,410,451,425,451,
426,436,441,436,426,451,441,451,
