664,259,679,259,664,304,679,304,
680,259,695,259,680,304,695,304,
696,259,711,259,696,304,711,304,
712,259,727,259,712,304,727,304,
728,259,743,259,728,304,743,304,
744,259,759,259,744,304,759,304,
760,259,775,259,760,304,775,304,
776,259,791,259,776,304,791,304,
792,259,807,259,792,304,807,304,
808,259,823,259,808,304,823,304,
824,259,839,259,824,304,839,304,
840,259,855,259,840,304,855,304,
644,297,659,297,644,344,659,344,
660,297,675,297,660,344,675,344,
676,297,691,297,676,344,691,344,
692,297,707,297,692,344,707,344,
708,297,723,297,708,344,723,344,
724,297,739,297,724,344,739,344,
740,297,755,297,740,344,755,344,
756,297,771,297,756,344,771,344,
772,297,787,297,772,344,787,344,
788,297,803,297,788,344,803,344,
804,297,819,297,804,344,819,344,
820,297,835,297,820,344,835,344,
836,297,851,297,836,344,851,344,
852,297,867,297,852,344,867,344,
