153,358,168,358,153,396,168,396,
169,358,184,358,169,396,184,396,
185,358,200,358,185,396,200,396,
201,358,216,358,201,396,216,396,
217,358,232,358,217,396,232,396,
233,358,248,358,233,396,248,396,
249,358,264,358,249,396,264,396,
264,358,279,358,264,398,279,398,
280,358,295,358,280,398,295,398,
296,358,311,358,296,398,311,398,
312,358,327,358,312,398,327,398,
336,358,351,358,336,396,351,396,
352,358,367,358,352,396,367,396,
368,358,383,358,368,396,383,396,
384,358,399,358,384,396,399,396,
400,358,415,358,400,396,415,396,
416,358,431,358,416,396,431,396,
432,358,447,358,432,396,447,396,
448,358,463,358,448,396,463,396,
464,358,479,358,464,396,479,396,
480,358,495,358,480,396,495,396,
504,358,519,358,504,396,519,396,
520,358,535,358,520,396,535,396,
536,358,551,358,536,396,551,396,
552,358,567,358,552,396,567,396,
568,358,583,358,568,396,583,396,
584,358,599,358,584,396,599,396,
