326,113,341,113,326,183,341,183,
342,113,357,113,342,183,357,183,
358,113,373,113,358,183,373,183,
374,113,389,113,374,183,389,183,
390,113,405,113,390,183,405,183,
406,113,421,113,406,183,421,183,
422,113,437,113,422,183,437,183,
438,113,453,113,438,183,453,183,
454,113,469,113,454,183,469,183,
470,113,485,113,470,183,485,183,
486,113,501,113,486,183,501,183,
502,113,517,113,502,183,517,183,
518,113,533,113,518,183,533,183,
534,113,549,113,534,183,549,183,
550,113,565,113,550,183,565,183,
566,113,581,113,566,183,581,183,
582,113,597,113,582,183,597,183,
598,113,613,113,598,183,613,183,
136,361,151,361,136,404,151,404,
152,361,167,361,152,404,167,404,
168,361,183,361,168,404,183,404,
184,361,199,361,184,404,199,404,
200,361,215,361,200,404,215,404,
216,361,231,361,216,404,231,404,
232,361,247,361,232,404,247,404,
248,361,263,361,248,404,263,404,
264,361,279,361,264,404,279,404,
280,361,295,361,280,404,295,404,
296,361,311,361,296,404,311,404,
312,361,327,361,312,404,327,404,
328,361,343,361,328,404,343,404,
344,361,359,361,344,404,359,404,
359,361,374,361,359,407,374,407,
375,361,390,361,375,407,390,407,
391,361,406,361,391,407,406,407,
407,361,422,361,407,407,422,407,
423,361,438,361,423,407,438,407,
439,361,454,361,439,407,454,407,
455,361,470,361,455,407,470,407,
471,361,486,361,471,407,486,407,
487,361,502,361,487,407,502,407,
503,361,518,361,503,407,518,407,
519,361,534,361,519,407,534,407,
569,354,584,354,569,393,584,393,
585,354,600,354,585,393,600,393,
601,354,616,354,601,393,616,393,
617,354,632,354,617,393,632,393,
633,354,648,354,633,393,648,393,
656,349,671,349,656,393,671,393,
672,349,687,349,672,393,687,393,
688,349,703,349,688,393,703,393,
704,349,719,349,704,393,719,393,
728,355,743,355,728,401,743,401,
744,355,759,355,744,401,759,401,
760,355,775,355,760,401,775,401,
776,355,791,355,776,401,791,401,
792,355,807,355,792,401,807,401,
808,355,823,355,808,401,823,401,
441,413,456,413,441,425,456,425,
457,413,472,413,457,425,472,425,
473,413,488,413,473,425,488,425,
489,413,504,413,489,425,504,425,
505,413,520,413,505,425,520,425,
