159,227,174,227,159,298,174,298,
175,227,190,227,175,298,190,298,
191,227,206,227,191,298,206,298,
207,227,222,227,207,298,222,298,
223,227,238,227,223,298,238,298,
239,227,254,227,239,298,254,298,
255,227,270,227,255,298,270,298,
271,227,286,227,271,298,286,298,
287,227,302,227,287,298,302,298,
303,227,318,227,303,298,318,298,
319,227,334,227,319,298,334,298,
335,227,350,227,335,298,350,298,
351,227,366,227,351,298,366,298,
162,310,177,310,162,334,177,334,
178,310,193,310,178,334,193,334,
194,310,209,310,194,334,209,334,
210,310,225,310,210,334,225,334,
226,310,241,310,226,334,241,334,
56,360,71,360,56,387,71,387,
72,360,87,360,72,387,87,387,
88,360,103,360,88,387,103,387,
104,360,119,360,104,387,119,387,
120,360,135,360,120,387,135,387,
136,360,151,360,136,387,151,387,
152,360,167,360,152,387,167,387,
168,360,183,360,168,387,183,387,
184,360,199,360,184,387,199,387,
200,360,215,360,200,387,215,387,
683,260,698,260,683,289,698,289,
699,260,714,260,699,289,714,289,
715,260,730,260,715,289,730,289,
731,260,746,260,731,289,746,289,
747,260,762,260,747,289,762,289,
681,289,696,289,681,315,696,315,
697,289,712,289,697,315,712,315,
713,289,728,289,713,315,728,315,
729,289,744,289,729,315,744,315,
745,289,760,289,745,315,760,315,
2,152,17,152,2,166,17,166,
18,152,33,152,18,166,33,166,
34,152,49,152,34,166,49,166,
682,317,697,317,682,326,697,326,
698,317,713,317,698,326,713,326,
241,310,256,310,241,332,256,332,
257,310,272,310,257,332,272,332,
273,310,288,310,273,332,288,332,
285,310,300,310,285,330,300,330,
301,310,316,310,301,330,316,330,
317,310,332,310,317,330,332,330,
333,310,348,310,333,330,348,330,
349,310,364,310,349,330,364,330,
712,317,727,317,712,326,727,326,
728,317,743,317,728,326,743,326,
741,317,756,317,741,324,756,324,
