261,398,276,398,261,436,276,436,
277,398,292,398,277,436,292,436,
293,398,308,398,293,436,308,436,
309,398,324,398,309,436,324,436,
209,358,224,358,209,410,224,410,
225,358,240,358,225,410,240,410,
241,358,256,358,241,410,256,410,
257,358,272,358,257,410,272,410,
273,358,288,358,273,410,288,410,
289,358,304,358,289,410,304,410,
305,358,320,358,305,410,320,410,
321,358,336,358,321,410,336,410,
337,358,352,358,337,410,352,410,
353,358,368,358,353,410,368,410,
369,358,384,358,369,410,384,410,
213,327,228,327,213,359,228,359,
229,327,244,327,229,359,244,359,
245,327,260,327,245,359,260,359,
259,331,274,331,259,376,274,376,
275,331,290,331,275,376,290,376,
291,331,306,331,291,376,306,376,
307,331,322,331,307,376,322,376,
323,331,338,331,323,376,338,376,
339,331,354,331,339,376,354,376,
355,331,370,331,355,376,370,376,
371,331,386,331,371,376,386,376,
262,500,277,500,262,519,277,519,
278,500,293,500,278,519,293,519,
294,500,309,500,294,519,309,519,
310,500,325,500,310,519,325,519,
546,7,561,7,546,40,561,40,
562,7,577,7,562,40,577,40,
