369,280,384,280,369,296,384,296,
385,280,400,280,385,296,400,296,
401,280,416,280,401,296,416,296,
417,280,432,280,417,296,432,296,
433,280,448,280,433,296,448,296,
449,280,464,280,449,296,464,296,
331,233,346,233,331,279,346,279,
347,233,362,233,347,279,362,279,
363,233,378,233,363,279,378,279,
379,233,394,233,379,279,394,279,
395,221,410,221,395,253,410,253,
411,221,426,221,411,253,426,253,
427,221,442,221,427,253,442,253,
443,221,458,221,443,253,458,253,
463,238,478,238,463,288,478,288,
479,238,494,238,479,288,494,288,
495,238,510,238,495,288,510,288,
517,180,532,180,517,186,532,186,
533,180,548,180,533,186,548,186,
526,193,541,193,526,197,541,197,
518,203,533,203,518,209,533,209,
534,203,549,203,534,209,549,209,
206,384,221,384,206,410,221,410,
222,384,237,384,222,410,237,410,
238,384,253,384,238,410,253,410,
205,379,220,379,205,384,220,384,
221,379,236,379,221,384,236,384,
235,380,250,380,235,384,250,384,
219,368,234,368,219,377,234,377,
235,368,250,368,235,377,250,377,
205,411,220,411,205,415,220,415,
221,411,236,411,221,415,236,415,
237,411,252,411,237,415,252,415,
219,418,234,418,219,423,234,423,
235,418,250,418,235,423,250,423,
199,425,214,425,199,439,214,439,
215,425,230,425,215,439,230,439,
231,425,246,425,231,439,246,439,
247,425,262,425,247,439,262,439,
213,351,228,351,213,359,228,359,
229,351,244,351,229,359,244,359,
228,363,243,363,228,366,243,366,
261,392,276,392,261,398,276,398,
116,354,131,354,116,365,131,365,
132,354,147,354,132,365,147,365,
141,354,156,354,141,365,156,365,
157,354,172,354,157,365,172,365,
173,354,188,354,173,365,188,365,
67,376,82,376,67,398,82,398,
83,376,98,376,83,398,98,398,
87,353,102,353,87,363,102,363,
65,351,80,351,65,376,80,376,
81,351,96,351,81,376,96,376,
100,369,115,369,100,394,115,394,
116,369,131,369,116,394,131,394,
116,365,131,365,116,369,131,369,
132,365,147,365,132,369,147,369,
139,365,154,365,139,369,154,369,
149,366,164,366,149,369,164,369,
165,366,180,366,165,369,180,369,
175,366,190,366,175,370,190,370,
133,372,148,372,133,394,148,394,
149,372,164,372,149,394,164,394,
168,371,183,371,168,399,183,399,
184,371,199,371,184,399,199,399,
217,440,232,440,217,445,232,445,
246,447,261,447,246,451,261,451,
236,447,251,447,236,450,251,450,
231,447,246,447,231,450,246,450,
218,447,233,447,218,450,233,450,
207,446,222,446,207,450,222,450,
198,447,213,447,198,450,213,450,
190,446,205,446,190,450,205,450,
206,476,221,476,206,490,221,490,
222,476,237,476,222,490,237,490,
238,476,253,476,238,490,253,490,
193,478,208,478,193,486,208,486,
195,487,210,487,195,495,210,495,
204,487,219,487,204,496,219,496,
220,487,235,487,220,496,235,496,
191,498,206,498,191,512,206,512,
207,498,222,498,207,512,222,512,
117,531,132,531,117,536,132,536,
133,531,148,531,133,536,148,536,
149,531,164,531,149,536,164,536,
165,531,180,531,165,536,180,536,
81,530,96,530,81,535,96,535,
92,531,107,531,92,535,107,535,
97,531,112,531,97,535,112,535,
72,530,87,530,72,535,87,535,
61,530,76,530,61,534,76,534,
68,530,83,530,68,534,83,534,
51,530,66,530,51,534,66,534,
39,530,54,530,39,534,54,534,
48,511,63,511,48,519,63,519,
64,511,79,511,64,519,79,519,
80,511,95,511,80,519,95,519,
96,511,111,511,96,519,111,519,
43,518,58,518,43,530,58,530,
59,518,74,518,59,530,74,530,
75,518,90,518,75,530,90,530,
91,518,106,518,91,530,106,530,
42,536,57,536,42,547,57,547,
58,536,73,536,58,547,73,547,
74,536,89,536,74,547,89,547,
55,470,70,470,55,509,70,509,
71,470,86,470,71,509,86,509,
87,470,102,470,87,509,102,509,
150,538,165,538,150,547,165,547,
121,519,136,519,121,530,136,530,
137,519,152,519,137,530,152,530,
153,519,168,519,153,530,168,530,
169,519,184,519,169,530,184,530,
137,513,152,513,137,520,152,520,
153,513,168,513,153,520,168,520,
169,513,184,513,169,520,184,520,
124,471,139,471,124,511,139,511,
140,471,155,471,140,511,155,511,
156,471,171,471,156,511,171,511,
172,471,187,471,172,511,187,511,
87,416,102,416,87,420,102,420,
78,416,93,416,78,420,93,420,
57,415,72,415,57,420,72,420,
73,415,88,415,73,420,88,420,
53,415,68,415,53,419,68,419,
52,424,67,424,52,428,67,428,
68,424,83,424,68,428,83,428,
84,424,99,424,84,428,99,428,
104,426,119,426,104,430,119,430,
120,426,135,426,120,430,135,430,
191,440,206,440,191,445,206,445,
160,453,175,453,160,457,175,457,
167,454,182,454,167,457,182,457,
162,448,177,448,162,453,177,453,
178,448,193,448,178,453,193,453,
102,403,117,403,102,415,117,415,
118,403,133,403,118,415,133,415,
134,403,149,403,134,415,149,415,
100,416,115,416,100,424,115,424,
116,416,131,416,116,424,131,424,
132,416,147,416,132,424,147,424,
190,548,205,548,190,552,205,552,
202,548,217,548,202,553,217,553,
176,548,191,548,176,553,191,553,
178,553,193,553,178,558,193,558,
194,553,209,553,194,558,209,558,
210,553,225,553,210,558,225,558,
226,553,241,553,226,558,241,558,
242,553,257,553,242,558,257,558,
137,453,152,453,137,458,152,458,
57,436,72,436,57,465,72,465,
73,436,88,436,73,465,88,465,
89,436,104,436,89,465,104,465,
105,436,120,436,105,465,120,465,
121,436,136,436,121,465,136,465,
133,436,148,436,133,448,148,448,
149,436,164,436,149,448,164,448,
165,436,180,436,165,448,180,448,
181,436,196,436,181,448,196,448,
132,450,147,450,132,454,147,454,
141,450,156,450,141,453,156,453,
130,458,145,458,130,466,145,466,
146,458,161,458,146,466,161,466,
162,458,177,458,162,466,177,466,
178,458,193,458,178,466,193,466,
128,467,143,467,128,471,143,471,
144,467,159,467,144,471,159,471,
119,467,134,467,119,470,134,470,
109,467,124,467,109,470,124,470,
78,466,93,466,78,470,93,470,
94,466,109,466,94,470,109,470,
99,467,114,467,99,470,114,470,
1,323,16,323,1,350,16,350,
17,323,32,323,17,350,32,350,
1,354,16,354,1,363,16,363,
