60,449,75,449,60,489,75,489,
76,449,91,449,76,489,91,489,
92,449,107,449,92,489,107,489,
108,449,123,449,108,489,123,489,
124,449,139,449,124,489,139,489,
140,449,155,449,140,489,155,489,
156,449,171,449,156,489,171,489,
172,449,187,449,172,489,187,489,
188,449,203,449,188,489,203,489,
195,441,210,441,195,476,210,476,
211,441,226,441,211,476,226,476,
227,441,242,441,227,476,242,476,
243,441,258,441,243,476,258,476,
259,441,274,441,259,476,274,476,
275,441,290,441,275,476,290,476,
291,441,306,441,291,476,306,476,
301,432,316,432,301,467,316,467,
317,432,332,432,317,467,332,467,
333,432,348,432,333,467,348,467,
349,432,364,432,349,467,364,467,
365,432,380,432,365,467,380,467,
381,432,396,432,381,467,396,467,
397,432,412,432,397,467,412,467,
413,432,428,432,413,467,428,467,
420,419,435,419,420,461,435,461,
436,419,451,419,436,461,451,461,
452,419,467,419,452,461,467,461,
468,419,483,419,468,461,483,461,
484,419,499,419,484,461,499,461,
500,419,515,419,500,461,515,461,
516,419,531,419,516,461,531,461,
532,419,547,419,532,461,547,461,
548,419,563,419,548,461,563,461,
