97,503,112,503,97,522,112,522,
113,503,128,503,113,522,128,522,
129,503,144,503,129,522,144,522,
145,503,160,503,145,522,160,522,
88,526,103,526,88,531,103,531,
104,526,119,526,104,531,119,531,
111,525,126,525,111,531,126,531,
127,525,142,525,127,531,142,531,
134,525,149,525,134,530,149,530,
150,525,165,525,150,530,165,530,
359,512,374,512,359,518,374,518,
375,512,390,512,375,518,390,518,
383,511,398,511,383,517,398,517,
399,511,414,511,399,517,414,517,
408,511,423,511,408,516,423,516,
424,511,439,511,424,516,439,516,
209,611,224,611,209,737,224,737,
225,611,240,611,225,737,240,737,
241,611,256,611,241,737,256,737,
257,611,272,611,257,737,272,737,
273,611,288,611,273,737,288,737,
289,611,304,611,289,737,304,737,
305,611,320,611,305,737,320,737,
321,611,336,611,321,737,336,737,
337,611,352,611,337,737,352,737,
353,611,368,611,353,737,368,737,
369,611,384,611,369,737,384,737,
385,611,400,611,385,737,400,737,
401,611,416,611,401,737,416,737,
417,611,432,611,417,737,432,737,
433,611,448,611,433,737,448,737,
449,611,464,611,449,737,464,737,
465,611,480,611,465,737,480,737,
357,489,372,489,357,508,372,508,
373,489,388,489,373,508,388,508,
389,489,404,489,389,508,404,508,
405,489,420,489,405,508,420,508,
421,489,436,489,421,508,436,508,
