28,301,43,301,28,363,43,363,
44,301,59,301,44,363,59,363,
60,301,75,301,60,363,75,363,
76,301,91,301,76,363,91,363,
92,301,107,301,92,363,107,363,
108,301,123,301,108,363,123,363,
124,301,139,301,124,363,139,363,
140,301,155,301,140,363,155,363,
162,277,177,277,162,345,177,345,
178,277,193,277,178,345,193,345,
194,277,209,277,194,345,209,345,
210,277,225,277,210,345,225,345,
226,277,241,277,226,345,241,345,
242,277,257,277,242,345,257,345,
258,277,273,277,258,345,273,345,
274,277,289,277,274,345,289,345,
306,262,321,262,306,328,321,328,
322,262,337,262,322,328,337,328,
338,262,353,262,338,328,353,328,
354,262,369,262,354,328,369,328,
370,262,385,262,370,328,385,328,
386,262,401,262,386,328,401,328,
402,262,417,262,402,328,417,328,
418,262,433,262,418,328,433,328,
434,262,449,262,434,328,449,328,
450,262,465,262,450,328,465,328,
466,262,481,262,466,328,481,328,
482,262,497,262,482,328,497,328,
498,262,513,262,498,328,513,328,
513,281,528,281,513,325,528,325,
529,281,544,281,529,325,544,325,
545,281,560,281,545,325,560,325,
561,281,576,281,561,325,576,325,
577,281,592,281,577,325,592,325,
593,281,608,281,593,325,608,325,
599,234,614,234,599,313,614,313,
615,234,630,234,615,313,630,313,
631,234,646,234,631,313,646,313,
647,234,662,234,647,313,662,313,
663,234,678,234,663,313,678,313,
679,234,694,234,679,313,694,313,
699,267,714,267,699,314,714,314,
715,267,730,267,715,314,730,314,
731,267,746,267,731,314,746,314,
747,267,762,267,747,314,762,314,
763,267,778,267,763,314,778,314,
779,267,794,267,779,314,794,314,
795,267,810,267,795,314,810,314,
811,267,826,267,811,314,826,314,
827,267,842,267,827,314,842,314,
843,267,858,267,843,314,858,314,
859,267,874,267,859,314,874,314,
875,267,890,267,875,314,890,314,
