315,314,330,314,315,361,330,361,
331,314,346,314,331,361,346,361,
347,314,362,314,347,361,362,361,
363,314,378,314,363,361,378,361,
379,314,394,314,379,361,394,361,
395,314,410,314,395,361,410,361,
411,314,426,314,411,361,426,361,
427,314,442,314,427,361,442,361,
443,314,458,314,443,361,458,361,
459,314,474,314,459,361,474,361,
475,314,490,314,475,361,490,361,
491,314,506,314,491,361,506,361,
507,314,522,314,507,361,522,361,
562,322,577,322,562,370,577,370,
578,322,593,322,578,370,593,370,
594,322,609,322,594,370,609,370,
610,322,625,322,610,370,625,370,
626,322,641,322,626,370,641,370,
642,322,657,322,642,370,657,370,
658,322,673,322,658,370,673,370,
674,322,689,322,674,370,689,370,
690,322,705,322,690,370,705,370,
706,322,721,322,706,370,721,370,
722,322,737,322,722,370,737,370,
738,322,753,322,738,370,753,370,
754,322,769,322,754,370,769,370,
316,360,331,360,316,388,331,388,
332,360,347,360,332,388,347,388,
348,360,363,360,348,388,363,388,
364,360,379,360,364,388,379,388,
380,360,395,360,380,388,395,388,
396,360,411,360,396,388,411,388,
412,360,427,360,412,388,427,388,
428,360,443,360,428,388,443,388,
444,360,459,360,444,388,459,388,
464,365,479,365,464,389,479,389,
480,365,495,365,480,389,495,389,
496,365,511,365,496,389,511,389,
562,370,577,370,562,393,577,393,
578,370,593,370,578,393,593,393,
594,370,609,370,594,393,609,393,
610,370,625,370,610,393,625,393,
626,370,641,370,626,393,641,393,
642,370,657,370,642,393,657,393,
658,371,673,371,658,397,673,397,
674,371,689,371,674,397,689,397,
690,371,705,371,690,397,705,397,
706,371,721,371,706,397,721,397,
313,390,328,390,313,415,328,415,
329,390,344,390,329,415,344,415,
345,390,360,390,345,415,360,415,
361,390,376,390,361,415,376,415,
377,390,392,390,377,415,392,415,
393,390,408,390,393,415,408,415,
409,390,424,390,409,415,424,415,
562,398,577,398,562,422,577,422,
578,398,593,398,578,422,593,422,
594,398,609,398,594,422,609,422,
610,398,625,398,610,422,625,422,
626,398,641,398,626,422,641,422,
642,398,657,398,642,422,657,422,
658,398,673,398,658,422,673,422,
311,422,326,422,311,445,326,445,
327,422,342,422,327,445,342,445,
343,422,358,422,343,445,358,445,
359,422,374,422,359,445,374,445,
375,422,390,422,375,445,390,445,
391,422,406,422,391,445,406,445,
407,422,422,422,407,445,422,445,
423,422,438,422,423,445,438,445,
439,422,454,422,439,445,454,445,
566,427,581,427,566,450,581,450,
582,427,597,427,582,450,597,450,
598,427,613,427,598,450,613,450,
620,429,635,429,620,450,635,450,
636,429,651,429,636,450,651,450,
652,429,667,429,652,450,667,450,
668,429,683,429,668,450,683,450,
