203,422,218,422,203,455,218,455,
219,422,234,422,219,455,234,455,
235,422,250,422,235,455,250,455,
251,422,266,422,251,455,266,455,
267,422,282,422,267,455,282,455,
283,422,298,422,283,455,298,455,
299,422,314,422,299,455,314,455,
319,413,334,413,319,452,334,452,
335,413,350,413,335,452,350,452,
351,413,366,413,351,452,366,452,
367,413,382,413,367,452,382,452,
389,410,404,410,389,449,404,449,
405,410,420,410,405,449,420,449,
421,410,436,410,421,449,436,449,
437,410,452,410,437,449,452,449,
453,410,468,410,453,449,468,449,
469,410,484,410,469,449,484,449,
485,410,500,410,485,449,500,449,
501,410,516,410,501,449,516,449,
517,410,532,410,517,449,532,449,
533,410,548,410,533,449,548,449,
549,410,564,410,549,449,564,449,
