97,183,112,183,97,353,112,353,
113,183,128,183,113,353,128,353,
129,183,144,183,129,353,144,353,
145,183,160,183,145,353,160,353,
161,183,176,183,161,353,176,353,
177,183,192,183,177,353,192,353,
193,183,208,183,193,353,208,353,
209,183,224,183,209,353,224,353,
225,183,240,183,225,353,240,353,
241,183,256,183,241,353,256,353,
257,183,272,183,257,353,272,353,
273,183,288,183,273,353,288,353,
289,183,304,183,289,353,304,353,
305,183,320,183,305,353,320,353,
321,183,336,183,321,353,336,353,
441,182,456,182,441,337,456,337,
457,182,472,182,457,337,472,337,
473,182,488,182,473,337,488,337,
489,182,504,182,489,337,504,337,
505,182,520,182,505,337,520,337,
521,182,536,182,521,337,536,337,
537,182,552,182,537,337,552,337,
553,182,568,182,553,337,568,337,
569,182,584,182,569,337,584,337,
585,182,600,182,585,337,600,337,
601,182,616,182,601,337,616,337,
617,182,632,182,617,337,632,337,
633,182,648,182,633,337,648,337,
649,182,664,182,649,337,664,337,
665,182,680,182,665,337,680,337,
681,182,696,182,681,337,696,337,
5,214,20,214,5,322,20,322,
21,214,36,214,21,322,36,322,
37,214,52,214,37,322,52,322,
53,214,68,214,53,322,68,322,
69,214,84,214,69,322,84,322,
130,405,145,405,130,435,145,435,
146,405,161,405,146,435,161,435,
162,405,177,405,162,435,177,435,
178,405,193,405,178,435,193,435,
24,426,39,426,24,446,39,446,
34,426,49,426,34,449,49,449,
44,429,59,429,44,453,59,453,
60,429,75,429,60,453,75,453,
67,432,82,432,67,454,82,454,
83,432,98,432,83,454,98,454,
84,435,99,435,84,456,99,456,
100,435,115,435,100,456,115,456,
106,438,121,438,106,458,121,458,
116,441,131,441,116,461,131,461,
132,441,147,441,132,461,147,461,
148,441,163,441,148,461,163,461,
231,449,246,449,231,456,246,456,
220,423,235,423,220,447,235,447,
236,423,251,423,236,447,251,447,
275,458,290,458,275,464,290,464,
290,456,305,456,290,464,305,464,
306,456,321,456,306,462,321,462,
318,455,333,455,318,462,333,462,
327,454,342,454,327,462,342,462,
339,454,354,454,339,461,354,461,
345,454,360,454,345,460,360,460,
354,453,369,453,354,460,369,460,
256,439,271,439,256,448,271,448,
267,437,282,437,267,447,282,447,
283,437,298,437,283,447,298,447,
299,437,314,437,299,447,314,447,
330,436,345,436,330,443,345,443,
339,434,354,434,339,443,354,443,
355,434,370,434,355,443,370,443,
362,433,377,433,362,442,377,442,
378,433,393,433,378,442,393,442,
600,495,615,495,600,511,615,511,
609,494,624,494,609,510,624,510,
759,530,774,530,759,537,774,537,
768,529,783,529,768,535,783,535,
333,475,348,475,333,482,348,482,
349,475,364,475,349,482,364,482,
365,475,380,475,365,482,380,482,
