536,159,551,159,536,184,551,184,
552,159,567,159,552,184,567,184,
568,159,583,159,568,184,583,184,
584,159,599,159,584,184,599,184,
600,159,615,159,600,184,615,184,
616,159,631,159,616,184,631,184,
538,186,553,186,538,210,553,210,
554,186,569,186,554,210,569,210,
570,186,585,186,570,210,585,210,
586,186,601,186,586,210,601,210,
602,186,617,186,602,210,617,210,
618,186,633,186,618,210,633,210,
543,215,558,215,543,237,558,237,
559,215,574,215,559,237,574,237,
664,177,679,177,664,228,679,228,
680,177,695,177,680,228,695,228,
696,177,711,177,696,228,711,228,
712,177,727,177,712,228,727,228,
728,177,743,177,728,228,743,228,
744,177,759,177,744,228,759,228,
760,177,775,177,760,228,775,228,
776,177,791,177,776,228,791,228,
792,177,807,177,792,228,807,228,
808,177,823,177,808,228,823,228,
