400,433,415,433,400,470,415,470,
416,433,431,433,416,470,431,470,
432,433,447,433,432,470,447,470,
448,433,463,433,448,470,463,470,
464,433,479,433,464,470,479,470,
480,433,495,433,480,470,495,470,
496,433,511,433,496,470,511,470,
512,433,527,433,512,470,527,470,
393,476,408,476,393,546,408,546,
409,476,424,476,409,546,424,546,
425,476,440,476,425,546,440,546,
441,476,456,476,441,546,456,546,
457,476,472,476,457,546,472,546,
473,476,488,476,473,546,488,546,
489,476,504,476,489,546,504,546,
505,476,520,476,505,546,520,546,
521,476,536,476,521,546,536,546,
