202,159,217,159,202,447,217,447,
218,159,233,159,218,447,233,447,
234,159,249,159,234,447,249,447,
250,159,265,159,250,447,265,447,
266,159,281,159,266,447,281,447,
282,159,297,159,282,447,297,447,
298,159,313,159,298,447,313,447,
314,159,329,159,314,447,329,447,
330,159,345,159,330,447,345,447,
346,159,361,159,346,447,361,447,
362,159,377,159,362,447,377,447,
378,159,393,159,378,447,393,447,
394,159,409,159,394,447,409,447,
410,159,425,159,410,447,425,447,
426,159,441,159,426,447,441,447,
442,159,457,159,442,447,457,447,
458,159,473,159,458,447,473,447,
474,159,489,159,474,447,489,447,
490,159,505,159,490,447,505,447,
506,159,521,159,506,447,521,447,
522,159,537,159,522,447,537,447,
538,159,553,159,538,447,553,447,
554,159,569,159,554,447,569,447,
570,159,585,159,570,447,585,447,
586,159,601,159,586,447,601,447,
