159,292,174,292,159,346,174,346,
175,292,190,292,175,346,190,346,
191,292,206,292,191,346,206,346,
207,292,222,292,207,346,222,346,
223,292,238,292,223,346,238,346,
239,292,254,292,239,346,254,346,
255,292,270,292,255,346,270,346,
271,292,286,292,271,346,286,346,
287,292,302,292,287,346,302,346,
303,292,318,292,303,346,318,346,
319,292,334,292,319,346,334,346,
335,292,350,292,335,346,350,346,
351,292,366,292,351,346,366,346,
367,292,382,292,367,346,382,346,
383,292,398,292,383,346,398,346,
414,296,429,296,414,353,429,353,
430,296,445,296,430,353,445,353,
446,296,461,296,446,353,461,353,
462,296,477,296,462,353,477,353,
478,296,493,296,478,353,493,353,
494,296,509,296,494,353,509,353,
510,296,525,296,510,353,525,353,
526,296,541,296,526,353,541,353,
542,296,557,296,542,353,557,353,
558,296,573,296,558,353,573,353,
574,296,589,296,574,353,589,353,
590,296,605,296,590,353,605,353,
606,296,621,296,606,353,621,353,
622,296,637,296,622,353,637,353,
638,296,653,296,638,353,653,353,
654,296,669,296,654,353,669,353,
670,296,685,296,670,353,685,353,
686,296,701,296,686,353,701,353,
702,296,717,296,702,353,717,353,
718,296,733,296,718,353,733,353,
734,296,749,296,734,353,749,353,
750,296,765,296,750,353,765,353,
766,296,781,296,766,353,781,353,
782,296,797,296,782,353,797,353,
47,403,62,403,47,447,62,447,
63,403,78,403,63,447,78,447,
79,403,94,403,79,447,94,447,
95,403,110,403,95,447,110,447,
111,403,126,403,111,447,126,447,
141,402,156,402,141,447,156,447,
157,402,172,402,157,447,172,447,
173,402,188,402,173,447,188,447,
189,402,204,402,189,447,204,447,
205,402,220,402,205,447,220,447,
221,402,236,402,221,447,236,447,
252,409,267,409,252,448,267,448,
268,409,283,409,268,448,283,448,
284,409,299,409,284,448,299,448,
300,409,315,409,300,448,315,448,
316,409,331,409,316,448,331,448,
332,409,347,409,332,448,347,448,
348,409,363,409,348,448,363,448,
364,409,379,409,364,448,379,448,
380,409,395,409,380,448,395,448,
396,409,411,409,396,448,411,448,
419,418,434,418,419,458,434,458,
435,418,450,418,435,458,450,458,
451,418,466,418,451,458,466,458,
467,418,482,418,467,458,482,458,
483,418,498,418,483,458,498,458,
510,407,525,407,510,450,525,450,
526,407,541,407,526,450,541,450,
542,407,557,407,542,450,557,450,
558,407,573,407,558,450,573,450,
574,407,589,407,574,450,589,450,
590,407,605,407,590,450,605,450,
606,407,621,407,606,450,621,450,
622,407,637,407,622,450,637,450,
638,407,653,407,638,450,653,450,
654,407,669,407,654,450,669,450,
670,407,685,407,670,450,685,450,
686,407,701,407,686,450,701,450,
152,470,167,470,152,526,167,526,
168,470,183,470,168,526,183,526,
184,470,199,470,184,526,199,526,
200,470,215,470,200,526,215,526,
216,470,231,470,216,526,231,526,
232,470,247,470,232,526,247,526,
248,470,263,470,248,526,263,526,
264,470,279,470,264,526,279,526,
280,470,295,470,280,526,295,526,
296,470,311,470,296,526,311,526,
312,470,327,470,312,526,327,526,
328,470,343,470,328,526,343,526,
344,470,359,470,344,526,359,526,
360,470,375,470,360,526,375,526,
376,470,391,470,376,526,391,526,
392,470,407,470,392,526,407,526,
408,470,423,470,408,526,423,526,
435,474,450,474,435,524,450,524,
451,474,466,474,451,524,466,524,
467,474,482,474,467,524,482,524,
483,474,498,474,483,524,498,524,
499,474,514,474,499,524,514,524,
515,474,530,474,515,524,530,524,
550,504,565,504,550,515,565,515,
566,504,581,504,566,515,581,515,
582,504,597,504,582,515,597,515,
