59,473,74,473,59,484,74,484,
75,473,90,473,75,484,90,484,
91,473,106,473,91,484,106,484,
101,473,116,473,101,485,116,485,
1,471,16,471,1,483,16,483,
9,462,24,462,9,481,24,481,
25,462,40,462,25,481,40,481,
30,448,45,448,30,473,45,473,
46,448,61,448,46,473,61,473,
1,448,16,448,1,467,16,467,
17,448,32,448,17,467,32,467,
17,405,32,405,17,415,32,415,
35,405,50,405,35,415,50,415,
50,405,65,405,50,416,65,416,
66,405,81,405,66,416,81,416,
77,406,92,406,77,416,92,416,
93,406,108,406,93,416,108,416,
106,406,121,406,106,416,121,416,
79,384,94,384,79,394,94,394,
95,384,110,384,95,394,110,394,
111,384,126,384,111,394,126,394,
108,368,123,368,108,378,123,378,
96,368,111,368,96,378,111,378,
54,383,69,383,54,393,69,393,
70,383,85,383,70,393,85,393,
12,382,27,382,12,393,27,393,
28,382,43,382,28,393,43,393,
44,382,59,382,44,393,59,393,
14,366,29,366,14,376,29,376,
30,366,45,366,30,376,45,376,
46,366,61,366,46,376,61,376,
54,366,69,366,54,377,69,377,
70,366,85,366,70,377,85,377,
86,366,101,366,86,377,101,377,
18,348,33,348,18,359,33,359,
34,348,49,348,34,359,49,359,
49,350,64,350,49,360,64,360,
62,350,77,350,62,360,77,360,
78,350,93,350,78,360,93,360,
94,350,109,350,94,360,109,360,
101,352,116,352,101,362,116,362,
117,352,132,352,117,362,132,362,
126,223,141,223,126,238,141,238,
114,199,129,199,114,206,129,206,
117,191,132,191,117,198,132,198,
117,201,132,201,117,207,132,207,
120,193,135,193,120,200,135,200,
130,192,145,192,130,201,145,201,
145,201,160,201,145,212,160,212,
161,212,176,212,161,222,176,222,
175,221,190,221,175,230,190,230,
188,230,203,230,188,241,203,241,
115,251,130,251,115,260,130,260,
119,244,134,244,119,251,134,251,
120,241,135,241,120,247,135,247,
120,237,135,237,120,243,135,243,
47,205,62,205,47,225,62,225,
63,205,78,205,63,225,78,225,
79,205,94,205,79,225,94,225,
16,219,31,219,16,234,31,234,
32,219,47,219,32,234,47,234,
2,237,17,237,2,255,17,255,
9,292,24,292,9,314,24,314,
25,292,40,292,25,314,40,314,
41,292,56,292,41,314,56,314,
57,292,72,292,57,314,72,314,
73,292,88,292,73,314,88,314,
11,260,26,260,11,282,26,282,
27,260,42,260,27,282,42,282,
43,260,58,260,43,282,58,282,
59,260,74,260,59,282,74,282,
75,260,90,260,75,282,90,282,
89,297,104,297,89,316,104,316,
105,297,120,297,105,316,120,316,
121,297,136,297,121,316,136,316,
92,264,107,264,92,285,107,285,
108,264,123,264,108,285,123,285,
124,264,139,264,124,285,139,285,
188,283,203,283,188,351,203,351,
204,283,219,283,204,351,219,351,
220,283,235,283,220,351,235,351,
236,283,251,283,236,351,251,351,
252,283,267,283,252,351,267,351,
268,283,283,283,268,351,283,351,
284,283,299,283,284,351,299,351,
300,283,315,283,300,351,315,351,
316,283,331,283,316,351,331,351,
332,283,347,283,332,351,347,351,
348,283,363,283,348,351,363,351,
364,283,379,283,364,351,379,351,
380,283,395,283,380,351,395,351,
396,283,411,283,396,351,411,351,
412,283,427,283,412,351,427,351,
339,380,354,380,339,423,354,423,
355,380,370,380,355,423,370,423,
371,380,386,380,371,423,386,423,
387,380,402,380,387,423,402,423,
403,380,418,380,403,423,418,423,
419,380,434,380,419,423,434,423,
435,380,450,380,435,423,450,423,
164,378,179,378,164,421,179,421,
180,378,195,378,180,421,195,421,
196,378,211,378,196,421,211,421,
212,378,227,378,212,421,227,421,
228,378,243,378,228,421,243,421,
244,378,259,378,244,421,259,421,
260,378,275,378,260,421,275,421,
276,378,291,378,276,421,291,421,
292,378,307,378,292,421,307,421,
308,378,323,378,308,421,323,421,
157,454,172,454,157,501,172,501,
173,454,188,454,173,501,188,501,
189,454,204,454,189,501,204,501,
205,454,220,454,205,501,220,501,
221,454,236,454,221,501,236,501,
237,454,252,454,237,501,252,501,
253,454,268,454,253,501,268,501,
269,454,284,454,269,501,284,501,
285,454,300,454,285,501,300,501,
301,454,316,454,301,501,316,501,
147,533,162,533,147,582,162,582,
163,533,178,533,163,582,178,582,
179,533,194,533,179,582,194,582,
195,533,210,533,195,582,210,582,
211,533,226,533,211,582,226,582,
227,533,242,533,227,582,242,582,
243,533,258,533,243,582,258,582,
259,533,274,533,259,582,274,582,
275,533,290,533,275,582,290,582,
291,533,306,533,291,582,306,582,
307,533,322,533,307,582,322,582,
338,455,353,455,338,501,353,501,
354,455,369,455,354,501,369,501,
370,455,385,455,370,501,385,501,
386,455,401,455,386,501,401,501,
402,455,417,455,402,501,417,501,
418,455,433,455,418,501,433,501,
434,455,449,455,434,501,449,501,
334,534,349,534,334,581,349,581,
350,534,365,534,350,581,365,581,
366,534,381,534,366,581,381,581,
382,534,397,534,382,581,397,581,
398,534,413,534,398,581,413,581,
414,534,429,534,414,581,429,581,
430,534,445,534,430,581,445,581,
446,534,461,534,446,581,461,581,
349,188,364,188,349,218,364,218,
365,188,380,188,365,218,380,218,
381,188,396,188,381,218,396,218,
397,188,412,188,397,218,412,218,
420,193,435,193,420,226,435,226,
436,193,451,193,436,226,451,226,
452,193,467,193,452,226,467,226,
468,193,483,193,468,226,483,226,
484,193,499,193,484,226,499,226,
500,193,515,193,500,226,515,226,
516,193,531,193,516,226,531,226,
475,246,490,246,475,253,490,253,
477,284,492,284,477,301,492,301,
493,284,508,284,493,301,508,301,
497,284,512,284,497,300,512,300,
513,284,528,284,513,300,528,300,
481,265,496,265,481,283,496,283,
497,265,512,265,497,283,512,283,
513,265,528,265,513,283,528,283,
511,426,526,426,511,430,526,430,
527,426,542,426,527,430,542,430,
481,393,496,393,481,398,496,398,
488,393,503,393,488,398,503,398,
496,393,511,393,496,398,511,398,
481,387,496,387,481,392,496,392,
492,387,507,387,492,392,507,392,
505,387,520,387,505,393,520,393,
515,387,530,387,515,393,530,393,
526,387,541,387,526,393,541,393,
490,376,505,376,490,385,505,385,
481,363,496,363,481,368,496,368,
492,363,507,363,492,368,507,368,
503,364,518,364,503,368,518,368,
516,364,531,364,516,369,531,369,
527,364,542,364,527,369,542,369,
518,358,533,358,518,363,533,363,
508,358,523,358,508,363,523,363,
498,357,513,357,498,363,513,363,
492,357,507,357,492,362,507,362,
483,357,498,357,483,362,498,362,
482,350,497,350,482,355,497,355,
482,344,497,344,482,349,497,349,
496,344,511,344,496,350,511,350,
508,345,523,345,508,350,523,350,
521,345,536,345,521,351,536,351,
523,333,538,333,523,342,538,342,
479,331,494,331,479,340,494,340,
490,332,505,332,490,341,505,341,
497,332,512,332,497,341,512,341,
513,332,528,332,513,341,528,341,
479,321,494,321,479,332,494,332,
495,321,510,321,495,332,510,332,
511,321,526,321,511,332,526,332,
387,240,402,240,387,249,402,249,
403,240,418,240,403,249,418,249,
419,240,434,240,419,249,434,249,
435,240,450,240,435,249,450,249,
451,240,466,240,451,249,466,249,
