165,426,180,426,165,460,180,460,
181,426,196,426,181,460,196,460,
197,426,212,426,197,460,212,460,
213,426,228,426,213,460,228,460,
229,426,244,426,229,460,244,460,
245,426,260,426,245,460,260,460,
261,426,276,426,261,460,276,460,
277,426,292,426,277,460,292,460,
293,426,308,426,293,460,308,460,
309,426,324,426,309,460,324,460,
362,399,377,399,362,450,377,450,
378,399,393,399,378,450,393,450,
394,399,409,399,394,450,409,450,
410,399,425,399,410,450,425,450,
426,399,441,399,426,450,441,450,
442,399,457,399,442,450,457,450,
458,399,473,399,458,450,473,450,
474,399,489,399,474,450,489,450,
490,399,505,399,490,450,505,450,
506,399,521,399,506,450,521,450,
522,399,537,399,522,450,537,450,
538,399,553,399,538,450,553,450,
554,399,569,399,554,450,569,450,
174,456,189,456,174,470,189,470,
190,456,205,456,190,470,205,470,
208,451,223,451,208,466,223,466,
224,451,239,451,224,466,239,466,
240,451,255,451,240,466,255,466,
256,451,271,451,256,466,271,466,
270,447,285,447,270,459,285,459,
286,447,301,447,286,459,301,459,
