72,317,87,317,72,453,87,453,
88,317,103,317,88,453,103,453,
104,317,119,317,104,453,119,453,
120,317,135,317,120,453,135,453,
136,317,151,317,136,453,151,453,
152,317,167,317,152,453,167,453,
168,317,183,317,168,453,183,453,
184,317,199,317,184,453,199,453,
200,317,215,317,200,453,215,453,
216,317,231,317,216,453,231,453,
232,317,247,317,232,453,247,453,
248,317,263,317,248,453,263,453,
264,317,279,317,264,453,279,453,
280,317,295,317,280,453,295,453,
296,317,311,317,296,453,311,453,
312,317,327,317,312,453,327,453,
338,310,353,310,338,461,353,461,
354,310,369,310,354,461,369,461,
370,310,385,310,370,461,385,461,
386,310,401,310,386,461,401,461,
402,310,417,310,402,461,417,461,
418,310,433,310,418,461,433,461,
434,310,449,310,434,461,449,461,
450,310,465,310,450,461,465,461,
466,310,481,310,466,461,481,461,
482,310,497,310,482,461,497,461,
498,310,513,310,498,461,513,461,
514,310,529,310,514,461,529,461,
530,310,545,310,530,461,545,461,
546,310,561,310,546,461,561,461,
562,310,577,310,562,461,577,461,
578,310,593,310,578,461,593,461,
594,310,609,310,594,461,609,461,
610,310,625,310,610,461,625,461,
626,310,641,310,626,461,641,461,
642,310,657,310,642,461,657,461,
658,310,673,310,658,461,673,461,
674,310,689,310,674,461,689,461,
690,310,705,310,690,461,705,461,
2,462,17,462,2,585,17,585,
18,462,33,462,18,585,33,585,
34,462,49,462,34,585,49,585,
50,462,65,462,50,585,65,585,
66,462,81,462,66,585,81,585,
82,462,97,462,82,585,97,585,
98,462,113,462,98,585,113,585,
114,462,129,462,114,585,129,585,
130,462,145,462,130,585,145,585,
146,462,161,462,146,585,161,585,
162,462,177,462,162,585,177,585,
178,462,193,462,178,585,193,585,
194,462,209,462,194,585,209,585,
210,462,225,462,210,585,225,585,
226,462,241,462,226,585,241,585,
242,462,257,462,242,585,257,585,
258,462,273,462,258,585,273,585,
274,462,289,462,274,585,289,585,
290,462,305,462,290,585,305,585,
306,462,321,462,306,585,321,585,
322,462,337,462,322,585,337,585,
338,462,353,462,338,585,353,585,
363,461,378,461,363,575,378,575,
379,461,394,461,379,575,394,575,
395,461,410,461,395,575,410,575,
411,461,426,461,411,575,426,575,
427,461,442,461,427,575,442,575,
443,461,458,461,443,575,458,575,
459,461,474,461,459,575,474,575,
475,461,490,461,475,575,490,575,
491,461,506,461,491,575,506,575,
507,461,522,461,507,575,522,575,
523,461,538,461,523,575,538,575,
539,461,554,461,539,575,554,575,
555,461,570,461,555,575,570,575,
571,461,586,461,571,575,586,575,
587,461,602,461,587,575,602,575,
603,461,618,461,603,575,618,575,
619,461,634,461,619,575,634,575,
635,461,650,461,635,575,650,575,
651,461,666,461,651,575,666,575,
667,461,682,461,667,575,682,575,
683,461,698,461,683,575,698,575,
699,461,714,461,699,575,714,575,
715,461,730,461,715,575,730,575,
731,461,746,461,731,575,746,575,
747,461,762,461,747,575,762,575,
763,461,778,461,763,575,778,575,
779,461,794,461,779,575,794,575,
