363,175,378,175,363,212,378,212,
379,175,394,175,379,212,394,212,
395,175,410,175,395,212,410,212,
411,175,426,175,411,212,426,212,
427,175,442,175,427,212,442,212,
443,175,458,175,443,212,458,212,
459,175,474,175,459,212,474,212,
475,175,490,175,475,212,490,212,
491,175,506,175,491,212,506,212,
272,292,287,292,272,321,287,321,
288,292,303,292,288,321,303,321,
304,292,319,292,304,321,319,321,
320,292,335,292,320,321,335,321,
336,292,351,292,336,321,351,321,
352,292,367,292,352,321,367,321,
368,292,383,292,368,321,383,321,
384,292,399,292,384,321,399,321,
400,292,415,292,400,321,415,321,
416,292,431,292,416,321,431,321,
432,292,447,292,432,321,447,321,
448,292,463,292,448,321,463,321,
464,292,479,292,464,321,479,321,
480,292,495,292,480,321,495,321,
496,292,511,292,496,321,511,321,
272,261,287,261,272,284,287,284,
288,261,303,261,288,284,303,284,
304,261,319,261,304,284,319,284,
320,261,335,261,320,284,335,284,
336,261,351,261,336,284,351,284,
352,261,367,261,352,284,367,284,
368,261,383,261,368,284,383,284,
384,261,399,261,384,284,399,284,
400,261,415,261,400,284,415,284,
416,261,431,261,416,284,431,284,
432,261,447,261,432,284,447,284,
448,261,463,261,448,284,463,284,
464,261,479,261,464,284,479,284,
480,261,495,261,480,284,495,284,
496,261,511,261,496,284,511,284,
1,172,16,172,1,225,16,225,
17,172,32,172,17,225,32,225,
33,172,48,172,33,225,48,225,
49,172,64,172,49,225,64,225,
65,172,80,172,65,225,80,225,
81,172,96,172,81,225,96,225,
97,172,112,172,97,225,112,225,
55,175,70,175,55,245,70,245,
71,175,86,175,71,245,86,245,
87,175,102,175,87,245,102,245,
103,175,118,175,103,245,118,245,
119,175,134,175,119,245,134,245,
135,175,150,175,135,245,150,245,
151,175,166,175,151,245,166,245,
167,175,182,175,167,245,182,245,
183,175,198,175,183,245,198,245,
199,175,214,175,199,245,214,245,
286,200,301,200,286,238,301,238,
302,200,317,200,302,238,317,238,
318,200,333,200,318,238,333,238,
334,200,349,200,334,238,349,238,
350,200,365,200,350,238,365,238,
366,200,381,200,366,238,381,238,
382,200,397,200,382,238,397,238,
398,200,413,200,398,238,413,238,
414,200,429,200,414,238,429,238,
430,200,445,200,430,238,445,238,
446,200,461,200,446,238,461,238,
462,200,477,200,462,238,477,238,
478,200,493,200,478,238,493,238,
