138,263,153,263,138,344,153,344,
154,263,169,263,154,344,169,344,
170,263,185,263,170,344,185,344,
186,263,201,263,186,344,201,344,
202,263,217,263,202,344,217,344,
218,263,233,263,218,344,233,344,
234,263,249,263,234,344,249,344,
250,263,265,263,250,344,265,344,
266,263,281,263,266,344,281,344,
282,263,297,263,282,344,297,344,
298,263,313,263,298,344,313,344,
314,263,329,263,314,344,329,344,
330,263,345,263,330,344,345,344,
346,263,361,263,346,344,361,344,
362,263,377,263,362,344,377,344,
378,263,393,263,378,344,393,344,
394,263,409,263,394,344,409,344,
410,263,425,263,410,344,425,344,
426,263,441,263,426,344,441,344,
442,263,457,263,442,344,457,344,
458,263,473,263,458,344,473,344,
474,263,489,263,474,344,489,344,
490,263,505,263,490,344,505,344,
506,263,521,263,506,344,521,344,
522,263,537,263,522,344,537,344,
538,263,553,263,538,344,553,344,
211,207,226,207,211,278,226,278,
227,207,242,207,227,278,242,278,
243,207,258,207,243,278,258,278,
259,207,274,207,259,278,274,278,
275,207,290,207,275,278,290,278,
291,207,306,207,291,278,306,278,
307,207,322,207,307,278,322,278,
323,207,338,207,323,278,338,278,
339,207,354,207,339,278,354,278,
355,207,370,207,355,278,370,278,
371,207,386,207,371,278,386,278,
387,207,402,207,387,278,402,278,
403,207,418,207,403,278,418,278,
419,207,434,207,419,278,434,278,
435,207,450,207,435,278,450,278,
451,207,466,207,451,278,466,278,
467,207,482,207,467,278,482,278,
313,164,328,164,313,205,328,205,
329,164,344,164,329,205,344,205,
345,164,360,164,345,205,360,205,
361,164,376,164,361,205,376,205,
377,164,392,164,377,205,392,205,
16,319,31,319,16,383,31,383,
32,319,47,319,32,383,47,383,
48,319,63,319,48,383,63,383,
64,319,79,319,64,383,79,383,
80,319,95,319,80,383,95,383,
96,319,111,319,96,383,111,383,
