267,297,282,297,267,408,282,408,
283,297,298,297,283,408,298,408,
299,297,314,297,299,408,314,408,
298,284,313,284,298,411,313,411,
314,284,329,284,314,411,329,411,
330,284,345,284,330,411,345,411,
323,234,338,234,323,413,338,413,
339,234,354,234,339,413,354,413,
355,234,370,234,355,413,370,413,
74,385,89,385,74,411,89,411,
90,385,105,385,90,411,105,411,
106,385,121,385,106,411,121,411,
168,353,183,353,168,380,183,380,
184,353,199,353,184,380,199,380,
200,353,215,353,200,380,215,380,
216,353,231,353,216,380,231,380,
424,393,439,393,424,418,439,418,
391,366,406,366,391,423,406,423,
407,366,422,366,407,423,422,423,
423,366,438,366,423,423,438,423,
417,402,432,402,417,416,432,416,
