276,533,291,533,276,578,291,578,
292,533,307,533,292,578,307,578,
308,533,323,533,308,578,323,578,
324,533,339,533,324,578,339,578,
340,533,355,533,340,578,355,578,
356,533,371,533,356,578,371,578,
372,533,387,533,372,578,387,578,
388,533,403,533,388,578,403,578,
404,533,419,533,404,578,419,578,
420,533,435,533,420,578,435,578,
436,533,451,533,436,578,451,578,
320,477,335,477,320,507,335,507,
336,477,351,477,336,507,351,507,
352,477,367,477,352,507,367,507,
368,477,383,477,368,507,383,507,
384,477,399,477,384,507,399,507,
400,477,415,477,400,507,415,507,
416,477,431,477,416,507,431,507,
432,477,447,477,432,507,447,507,
