161,375,176,375,161,416,176,416,
177,375,192,375,177,416,192,416,
193,375,208,375,193,416,208,416,
209,375,224,375,209,416,224,416,
225,375,240,375,225,416,240,416,
241,375,256,375,241,416,256,416,
257,375,272,375,257,416,272,416,
273,375,288,375,273,416,288,416,
289,375,304,375,289,416,304,416,
305,375,320,375,305,416,320,416,
321,375,336,375,321,416,336,416,
337,375,352,375,337,416,352,416,
353,375,368,375,353,416,368,416,
369,375,384,375,369,416,384,416,
385,375,400,375,385,416,400,416,
401,375,416,375,401,416,416,416,
417,375,432,375,417,416,432,416,
165,419,180,419,165,440,180,440,
181,419,196,419,181,440,196,440,
197,419,212,419,197,440,212,440,
234,323,249,323,234,369,249,369,
250,323,265,323,250,369,265,369,
266,323,281,323,266,369,281,369,
282,323,297,323,282,369,297,369,
298,323,313,323,298,369,313,369,
314,323,329,323,314,369,329,369,
330,323,345,323,330,369,345,369,
210,416,225,416,210,436,225,436,
226,416,241,416,226,436,241,436,
242,416,257,416,242,436,257,436,
258,416,273,416,258,436,273,436,
274,416,289,416,274,436,289,436,
290,416,305,416,290,436,305,436,
300,416,315,416,300,434,315,434,
316,416,331,416,316,434,331,434,
332,416,347,416,332,434,347,434,
348,416,363,416,348,434,363,434,
361,416,376,416,361,443,376,443,
377,416,392,416,377,443,392,443,
393,416,408,416,393,443,408,443,
409,416,424,416,409,443,424,443,
