196,320,211,320,196,396,211,396,
212,320,227,320,212,396,227,396,
228,320,243,320,228,396,243,396,
244,320,259,320,244,396,259,396,
260,320,275,320,260,396,275,396,
276,320,291,320,276,396,291,396,
292,320,307,320,292,396,307,396,
308,320,323,320,308,396,323,396,
324,320,339,320,324,396,339,396,
340,320,355,320,340,396,355,396,
356,320,371,320,356,396,371,396,
322,378,337,378,322,415,337,415,
338,378,353,378,338,415,353,415,
354,378,369,378,354,415,369,415,
271,410,286,410,271,455,286,455,
287,410,302,410,287,455,302,455,
303,410,318,410,303,455,318,455,
319,410,334,410,319,455,334,455,
335,410,350,410,335,455,350,455,
351,410,366,410,351,455,366,455,
367,410,382,410,367,455,382,455,
383,410,398,410,383,455,398,455,
399,410,414,410,399,455,414,455,
415,410,430,410,415,455,430,455,
431,410,446,410,431,455,446,455,
447,410,462,410,447,455,462,455,
463,410,478,410,463,455,478,455,
479,410,494,410,479,455,494,455,
495,410,510,410,495,455,510,455,
