119,243,134,243,119,290,134,290,
135,243,150,243,135,290,150,290,
151,243,166,243,151,290,166,290,
167,243,182,243,167,290,182,290,
183,243,198,243,183,290,198,290,
199,243,214,243,199,290,214,290,
215,243,230,243,215,290,230,290,
231,243,246,243,231,290,246,290,
254,257,269,257,254,291,269,291,
270,257,285,257,270,291,285,291,
286,257,301,257,286,291,301,291,
302,257,317,257,302,291,317,291,
318,257,333,257,318,291,333,291,
334,257,349,257,334,291,349,291,
346,262,361,262,346,291,361,291,
362,262,377,262,362,291,377,291,
381,263,396,263,381,301,396,301,
397,263,412,263,397,301,412,301,
413,263,428,263,413,301,428,301,
429,263,444,263,429,301,444,301,
445,263,460,263,445,301,460,301,
461,263,476,263,461,301,476,301,
477,263,492,263,477,301,492,301,
493,263,508,263,493,301,508,301,
426,227,441,227,426,241,441,241,
442,227,457,227,442,241,457,241,
428,217,443,217,428,229,443,229,
444,217,459,217,444,229,459,229,
206,86,221,86,206,103,221,103,
222,86,237,86,222,103,237,103,
238,86,253,86,238,103,253,103,
254,86,269,86,254,103,269,103,
270,86,285,86,270,103,285,103,
301,74,316,74,301,103,316,103,
317,74,332,74,317,103,332,103,
333,74,348,74,333,103,348,103,
344,74,359,74,344,105,359,105,
360,74,375,74,360,105,375,105,
376,74,391,74,376,105,391,105,
392,74,407,74,392,105,407,105,
408,74,423,74,408,105,423,105,
424,74,439,74,424,105,439,105,
440,74,455,74,440,105,455,105,
456,74,471,74,456,105,471,105,
472,74,487,74,472,105,487,105,
292,33,307,33,292,67,307,67,
308,33,323,33,308,67,323,67,
324,33,339,33,324,67,339,67,
340,33,355,33,340,67,355,67,
356,33,371,33,356,67,371,67,
371,36,386,36,371,70,386,70,
387,36,402,36,387,70,402,70,
403,36,418,36,403,70,418,70,
419,36,434,36,419,70,434,70,
435,36,450,36,435,70,450,70,
451,36,466,36,451,70,466,70,
256,2,271,2,256,26,271,26,
272,2,287,2,272,26,287,26,
288,2,303,2,288,26,303,26,
304,2,319,2,304,26,319,26,
320,2,335,2,320,26,335,26,
343,2,358,2,343,30,358,30,
359,2,374,2,359,30,374,30,
375,2,390,2,375,30,390,30,
393,1,408,1,393,32,408,32,
409,1,424,1,409,32,424,32,
425,1,440,1,425,32,440,32,
441,1,456,1,441,32,456,32,
450,1,465,1,450,32,465,32,
466,1,481,1,466,32,481,32,
482,1,497,1,482,32,497,32,
498,1,513,1,498,32,513,32,
