115,20,130,20,115,30,130,30,
231,79,246,79,231,113,246,113,
247,79,262,79,247,113,262,113,
263,79,278,79,263,113,278,113,
230,115,245,115,230,145,245,145,
246,115,261,115,246,145,261,145,
262,115,277,115,262,145,277,145,
314,556,329,556,314,609,329,609,
330,556,345,556,330,609,345,609,
346,556,361,556,346,609,361,609,
362,556,377,556,362,609,377,609,
378,556,393,556,378,609,393,609,
173,498,188,498,173,563,188,563,
189,498,204,498,189,563,204,563,
205,498,220,498,205,563,220,563,
221,498,236,498,221,563,236,563,
237,498,252,498,237,563,252,563,
253,498,268,498,253,563,268,563,
269,498,284,498,269,563,284,563,
285,498,300,498,285,563,300,563,
301,498,316,498,301,563,316,563,
317,498,332,498,317,563,332,563,
333,498,348,498,333,563,348,563,
349,498,364,498,349,563,364,563,
365,498,380,498,365,563,380,563,
173,425,188,425,173,504,188,504,
189,425,204,425,189,504,204,504,
205,425,220,425,205,504,220,504,
221,425,236,425,221,504,236,504,
237,425,252,425,237,504,252,504,
253,425,268,425,253,504,268,504,
269,425,284,425,269,504,284,504,
285,425,300,425,285,504,300,504,
301,425,316,425,301,504,316,504,
317,425,332,425,317,504,332,504,
333,425,348,425,333,504,348,504,
349,425,364,425,349,504,364,504,
365,425,380,425,365,504,380,504,
381,425,396,425,381,504,396,504,
397,425,412,425,397,504,412,504,
176,348,191,348,176,438,191,438,
192,348,207,348,192,438,207,438,
208,348,223,348,208,438,223,438,
224,348,239,348,224,438,239,438,
240,348,255,348,240,438,255,438,
256,348,271,348,256,438,271,438,
272,348,287,348,272,438,287,438,
288,348,303,348,288,438,303,438,
304,348,319,348,304,438,319,438,
320,348,335,348,320,438,335,438,
336,348,351,348,336,438,351,438,
352,348,367,348,352,438,367,438,
368,348,383,348,368,438,383,438,
384,348,399,348,384,438,399,438,
400,348,415,348,400,438,415,438,
416,348,431,348,416,438,431,438,
167,290,182,290,167,347,182,347,
183,290,198,290,183,347,198,347,
199,290,214,290,199,347,214,347,
215,290,230,290,215,347,230,347,
231,290,246,290,231,347,246,347,
247,290,262,290,247,347,262,347,
263,290,278,290,263,347,278,347,
279,290,294,290,279,347,294,347,
295,290,310,290,295,347,310,347,
288,238,303,238,288,316,303,316,
304,238,319,238,304,316,319,316,
320,238,335,238,320,316,335,316,
336,238,351,238,336,316,351,316,
352,238,367,238,352,316,367,316,
368,238,383,238,368,316,383,316,
384,238,399,238,384,316,399,316,
400,238,415,238,400,316,415,316,
416,238,431,238,416,316,431,316,
432,238,447,238,432,316,447,316,
166,177,181,177,166,249,181,249,
182,177,197,177,182,249,197,249,
198,177,213,177,198,249,213,249,
214,177,229,177,214,249,229,249,
230,177,245,177,230,249,245,249,
246,177,261,177,246,249,261,249,
262,177,277,177,262,249,277,249,
278,177,293,177,278,249,293,249,
294,177,309,177,294,249,309,249,
310,177,325,177,310,249,325,249,
326,177,341,177,326,249,341,249,
342,177,357,177,342,249,357,249,
358,177,373,177,358,249,373,249,
374,177,389,177,374,249,389,249,
390,177,405,177,390,249,405,249,
406,177,421,177,406,249,421,249,
422,177,437,177,422,249,437,249,
