515,21,530,21,515,162,530,162,
531,21,546,21,531,162,546,162,
547,21,562,21,547,162,562,162,
563,21,578,21,563,162,578,162,
579,21,594,21,579,162,594,162,
595,21,610,21,595,162,610,162,
611,21,626,21,611,162,626,162,
627,21,642,21,627,162,642,162,
643,21,658,21,643,162,658,162,
659,21,674,21,659,162,674,162,
675,21,690,21,675,162,690,162,
691,21,706,21,691,162,706,162,
707,21,722,21,707,162,722,162,
723,21,738,21,723,162,738,162,
739,21,754,21,739,162,754,162,
755,21,770,21,755,162,770,162,
98,7,113,7,98,156,113,156,
114,7,129,7,114,156,129,156,
130,7,145,7,130,156,145,156,
146,7,161,7,146,156,161,156,
162,7,177,7,162,156,177,156,
178,7,193,7,178,156,193,156,
194,7,209,7,194,156,209,156,
210,7,225,7,210,156,225,156,
226,7,241,7,226,156,241,156,
242,7,257,7,242,156,257,156,
258,7,273,7,258,156,273,156,
274,7,289,7,274,156,289,156,
290,7,305,7,290,156,305,156,
306,7,321,7,306,156,321,156,
322,7,337,7,322,156,337,156,
338,7,353,7,338,156,353,156,
354,7,369,7,354,156,369,156,
370,7,385,7,370,156,385,156,
386,7,401,7,386,156,401,156,
402,7,417,7,402,156,417,156,
418,7,433,7,418,156,433,156,
434,7,449,7,434,156,449,156,
450,7,465,7,450,156,465,156,
466,7,481,7,466,156,481,156,
482,7,497,7,482,156,497,156,
498,7,513,7,498,156,513,156,
514,7,529,7,514,156,529,156,
89,170,104,170,89,334,104,334,
105,170,120,170,105,334,120,334,
121,170,136,170,121,334,136,334,
137,170,152,170,137,334,152,334,
153,170,168,170,153,334,168,334,
169,170,184,170,169,334,184,334,
185,170,200,170,185,334,200,334,
201,170,216,170,201,334,216,334,
217,170,232,170,217,334,232,334,
233,170,248,170,233,334,248,334,
249,170,264,170,249,334,264,334,
265,170,280,170,265,334,280,334,
281,170,296,170,281,334,296,334,
297,170,312,170,297,334,312,334,
313,170,328,170,313,334,328,334,
329,170,344,170,329,334,344,334,
345,170,360,170,345,334,360,334,
361,170,376,170,361,334,376,334,
377,170,392,170,377,334,392,334,
393,170,408,170,393,334,408,334,
409,170,424,170,409,334,424,334,
425,170,440,170,425,334,440,334,
441,170,456,170,441,334,456,334,
457,170,472,170,457,334,472,334,
461,194,476,194,461,360,476,360,
477,194,492,194,477,360,492,360,
493,194,508,194,493,360,508,360,
509,194,524,194,509,360,524,360,
525,194,540,194,525,360,540,360,
541,194,556,194,541,360,556,360,
557,194,572,194,557,360,572,360,
573,194,588,194,573,360,588,360,
589,194,604,194,589,360,604,360,
605,194,620,194,605,360,620,360,
621,194,636,194,621,360,636,360,
637,194,652,194,637,360,652,360,
653,194,668,194,653,360,668,360,
669,194,684,194,669,360,684,360,
685,194,700,194,685,360,700,360,
740,2,755,2,740,154,755,154,
756,2,771,2,756,154,771,154,
772,2,787,2,772,154,787,154,
788,2,803,2,788,154,803,154,
804,2,819,2,804,154,819,154,
820,2,835,2,820,154,835,154,
