241,201,256,201,241,262,256,262,
257,201,272,201,257,262,272,262,
273,201,288,201,273,262,288,262,
289,201,304,201,289,262,304,262,
305,201,320,201,305,262,320,262,
321,201,336,201,321,262,336,262,
337,201,352,201,337,262,352,262,
353,201,368,201,353,262,368,262,
369,201,384,201,369,262,384,262,
385,201,400,201,385,262,400,262,
401,201,416,201,401,262,416,262,
417,201,432,201,417,262,432,262,
433,201,448,201,433,262,448,262,
449,201,464,201,449,262,464,262,
465,201,480,201,465,262,480,262,
481,201,496,201,481,262,496,262,
497,201,512,201,497,262,512,262,
513,201,528,201,513,262,528,262,
529,201,544,201,529,262,544,262,
200,283,215,283,200,372,215,372,
216,283,231,283,216,372,231,372,
232,283,247,283,232,372,247,372,
248,283,263,283,248,372,263,372,
264,283,279,283,264,372,279,372,
280,283,295,283,280,372,295,372,
296,283,311,283,296,372,311,372,
312,283,327,283,312,372,327,372,
328,283,343,283,328,372,343,372,
344,283,359,283,344,372,359,372,
360,283,375,283,360,372,375,372,
376,283,391,283,376,372,391,372,
392,283,407,283,392,372,407,372,
408,283,423,283,408,372,423,372,
424,283,439,283,424,372,439,372,
440,283,455,283,440,372,455,372,
456,283,471,283,456,372,471,372,
472,283,487,283,472,372,487,372,
488,283,503,283,488,372,503,372,
504,283,519,283,504,372,519,372,
520,283,535,283,520,372,535,372,
536,283,551,283,536,372,551,372,
552,283,567,283,552,372,567,372,
568,283,583,283,568,372,583,372,
