156,9,171,9,156,122,171,122,
172,9,187,9,172,122,187,122,
188,9,203,9,188,122,203,122,
204,9,219,9,204,122,219,122,
220,9,235,9,220,122,235,122,
236,9,251,9,236,122,251,122,
252,9,267,9,252,122,267,122,
268,9,283,9,268,122,283,122,
284,9,299,9,284,122,299,122,
300,9,315,9,300,122,315,122,
316,9,331,9,316,122,331,122,
332,9,347,9,332,122,347,122,
348,9,363,9,348,122,363,122,
367,32,382,32,367,112,382,112,
383,32,398,32,383,112,398,112,
399,32,414,32,399,112,414,112,
415,32,430,32,415,112,430,112,
431,32,446,32,431,112,446,112,
447,32,462,32,447,112,462,112,
463,32,478,32,463,112,478,112,
479,32,494,32,479,112,494,112,
495,32,510,32,495,112,510,112,
511,26,526,26,511,127,526,127,
527,26,542,26,527,127,542,127,
543,26,558,26,543,127,558,127,
559,26,574,26,559,127,574,127,
575,26,590,26,575,127,590,127,
591,26,606,26,591,127,606,127,
607,26,622,26,607,127,622,127,
623,26,638,26,623,127,638,127,
639,26,654,26,639,127,654,127,
655,26,670,26,655,127,670,127,
159,164,174,164,159,237,174,237,
175,164,190,164,175,237,190,237,
191,164,206,164,191,237,206,237,
207,164,222,164,207,237,222,237,
223,164,238,164,223,237,238,237,
239,164,254,164,239,237,254,237,
559,132,574,132,559,249,574,249,
575,132,590,132,575,249,590,249,
591,132,606,132,591,249,606,249,
607,132,622,132,607,249,622,249,
623,132,638,132,623,249,638,249,
639,132,654,132,639,249,654,249,
655,132,670,132,655,249,670,249,
671,132,686,132,671,249,686,249,
223,246,238,246,223,379,238,379,
239,246,254,246,239,379,254,379,
255,246,270,246,255,379,270,379,
271,246,286,246,271,379,286,379,
287,246,302,246,287,379,302,379,
303,246,318,246,303,379,318,379,
319,246,334,246,319,379,334,379,
335,246,350,246,335,379,350,379,
351,246,366,246,351,379,366,379,
367,246,382,246,367,379,382,379,
383,246,398,246,383,379,398,379,
399,246,414,246,399,379,414,379,
415,246,430,246,415,379,430,379,
431,246,446,246,431,379,446,379,
447,246,462,246,447,379,462,379,
463,246,478,246,463,379,478,379,
479,246,494,246,479,379,494,379,
495,246,510,246,495,379,510,379,
511,246,526,246,511,379,526,379,
527,246,542,246,527,379,542,379,
543,246,558,246,543,379,558,379,
559,246,574,246,559,379,574,379,
575,246,590,246,575,379,590,379,
591,246,606,246,591,379,606,379,
607,246,622,246,607,379,622,379,
623,246,638,246,623,379,638,379,
639,246,654,246,639,379,654,379,
251,153,266,153,251,226,266,226,
267,153,282,153,267,226,282,226,
283,153,298,153,283,226,298,226,
299,153,314,153,299,226,314,226,
315,153,330,153,315,226,330,226,
331,153,346,153,331,226,346,226,
347,153,362,153,347,226,362,226,
363,153,378,153,363,226,378,226,
379,153,394,153,379,226,394,226,
395,153,410,153,395,226,410,226,
411,153,426,153,411,226,426,226,
427,153,442,153,427,226,442,226,
443,153,458,153,443,226,458,226,
459,153,474,153,459,226,474,226,
475,153,490,153,475,226,490,226,
491,153,506,153,491,226,506,226,
507,153,522,153,507,226,522,226,
523,153,538,153,523,226,538,226,
539,153,554,153,539,226,554,226,
