145,354,160,354,145,402,160,402,
161,354,176,354,161,402,176,402,
177,354,192,354,177,402,192,402,
193,354,208,354,193,402,208,402,
209,354,224,354,209,402,224,402,
225,354,240,354,225,402,240,402,
241,354,256,354,241,402,256,402,
257,354,272,354,257,402,272,402,
273,354,288,354,273,402,288,402,
289,354,304,354,289,402,304,402,
305,354,320,354,305,402,320,402,
321,354,336,354,321,402,336,402,
337,354,352,354,337,402,352,402,
353,354,368,354,353,402,368,402,
369,354,384,354,369,402,384,402,
385,354,400,354,385,402,400,402,
