20,265,35,265,20,401,35,401,
36,265,51,265,36,401,51,401,
52,265,67,265,52,401,67,401,
68,265,83,265,68,401,83,401,
84,265,99,265,84,401,99,401,
100,265,115,265,100,401,115,401,
116,265,131,265,116,401,131,401,
132,265,147,265,132,401,147,401,
148,265,163,265,148,401,163,401,
164,265,179,265,164,401,179,401,
180,265,195,265,180,401,195,401,
196,265,211,265,196,401,211,401,
212,265,227,265,212,401,227,401,
228,265,243,265,228,401,243,401,
244,265,259,265,244,401,259,401,
260,265,275,265,260,401,275,401,
276,265,291,265,276,401,291,401,
292,265,307,265,292,401,307,401,
308,265,323,265,308,401,323,401,
324,265,339,265,324,401,339,401,
340,265,355,265,340,401,355,401,
356,265,371,265,356,401,371,401,
372,265,387,265,372,401,387,401,
388,265,403,265,388,401,403,401,
404,265,419,265,404,401,419,401,
420,265,435,265,420,401,435,401,
436,265,451,265,436,401,451,401,
452,265,467,265,452,401,467,401,
468,265,483,265,468,401,483,401,
484,265,499,265,484,401,499,401,
500,265,515,265,500,401,515,401,
516,265,531,265,516,401,531,401,
532,265,547,265,532,401,547,401,
548,265,563,265,548,401,563,401,
564,265,579,265,564,401,579,401,
580,265,595,265,580,401,595,401,
596,265,611,265,596,401,611,401,
612,265,627,265,612,401,627,401,
628,265,643,265,628,401,643,401,
644,265,659,265,644,401,659,401,
660,265,675,265,660,401,675,401,
676,265,691,265,676,401,691,401,
692,265,707,265,692,401,707,401,
118,440,133,440,118,495,133,495,
134,440,149,440,134,495,149,495,
150,440,165,440,150,495,165,495,
166,440,181,440,166,495,181,495,
182,440,197,440,182,495,197,495,
198,440,213,440,198,495,213,495,
214,440,229,440,214,495,229,495,
230,440,245,440,230,495,245,495,
246,440,261,440,246,495,261,495,
262,440,277,440,262,495,277,495,
278,440,293,440,278,495,293,495,
307,441,322,441,307,496,322,496,
323,441,338,441,323,496,338,496,
339,441,354,441,339,496,354,496,
355,441,370,441,355,496,370,496,
371,441,386,441,371,496,386,496,
387,441,402,441,387,496,402,496,
419,435,434,435,419,497,434,497,
435,435,450,435,435,497,450,497,
451,435,466,435,451,497,466,497,
467,435,482,435,467,497,482,497,
483,435,498,435,483,497,498,497,
499,435,514,435,499,497,514,497,
515,435,530,435,515,497,530,497,
531,435,546,435,531,497,546,497,
547,435,562,435,547,497,562,497,
563,435,578,435,563,497,578,497,
579,435,594,435,579,497,594,497,
595,435,610,435,595,497,610,497,
611,435,626,435,611,497,626,497,
627,435,642,435,627,497,642,497,
643,435,658,435,643,497,658,497,
659,435,674,435,659,497,674,497,
675,435,690,435,675,497,690,497,
691,435,706,435,691,497,706,497,
707,435,722,435,707,497,722,497,
723,435,738,435,723,497,738,497,
739,435,754,435,739,497,754,497,
142,513,157,513,142,557,157,557,
158,513,173,513,158,557,173,557,
174,513,189,513,174,557,189,557,
190,513,205,513,190,557,205,557,
214,510,229,510,214,561,229,561,
230,510,245,510,230,561,245,561,
246,510,261,510,246,561,261,561,
262,510,277,510,262,561,277,561,
278,510,293,510,278,561,293,561,
294,510,309,510,294,561,309,561,
325,513,340,513,325,571,340,571,
341,513,356,513,341,571,356,571,
357,513,372,513,357,571,372,571,
373,513,388,513,373,571,388,571,
389,513,404,513,389,571,404,571,
405,513,420,513,405,571,420,571,
421,513,436,513,421,571,436,571,
437,513,452,513,437,571,452,571,
453,513,468,513,453,571,468,571,
469,513,484,513,469,571,484,571,
485,513,500,513,485,571,500,571,
501,513,516,513,501,571,516,571,
517,513,532,513,517,571,532,571,
533,513,548,513,533,571,548,571,
549,513,564,513,549,571,564,571,
565,513,580,513,565,571,580,571,
581,513,596,513,581,571,596,571,
597,513,612,513,597,571,612,571,
159,579,174,579,159,600,174,600,
175,579,190,579,175,600,190,600,
191,579,206,579,191,600,206,600,
207,579,222,579,207,600,222,600,
223,579,238,579,223,600,238,600,
239,579,254,579,239,600,254,600,
255,579,270,579,255,600,270,600,
271,579,286,579,271,600,286,600,
287,579,302,579,287,600,302,600,
303,579,318,579,303,600,318,600,
319,579,334,579,319,600,334,600,
335,579,350,579,335,600,350,600,
351,579,366,579,351,600,366,600,
367,579,382,579,367,600,382,600,
383,579,398,579,383,600,398,600,
399,579,414,579,399,600,414,600,
415,579,430,579,415,600,430,600,
431,579,446,579,431,600,446,600,
447,579,462,579,447,600,462,600,
