41,251,56,251,41,333,56,333,
57,251,72,251,57,333,72,333,
73,251,88,251,73,333,88,333,
89,251,104,251,89,333,104,333,
105,251,120,251,105,333,120,333,
121,251,136,251,121,333,136,333,
137,251,152,251,137,333,152,333,
153,251,168,251,153,333,168,333,
169,251,184,251,169,333,184,333,
185,251,200,251,185,333,200,333,
201,251,216,251,201,333,216,333,
217,251,232,251,217,333,232,333,
233,251,248,251,233,333,248,333,
249,251,264,251,249,333,264,333,
265,251,280,251,265,333,280,333,
281,251,296,251,281,333,296,333,
297,251,312,251,297,333,312,333,
313,251,328,251,313,333,328,333,
329,251,344,251,329,333,344,333,
345,251,360,251,345,333,360,333,
361,251,376,251,361,333,376,333,
377,251,392,251,377,333,392,333,
393,251,408,251,393,333,408,333,
409,251,424,251,409,333,424,333,
425,251,440,251,425,333,440,333,
441,251,456,251,441,333,456,333,
457,251,472,251,457,333,472,333,
473,251,488,251,473,333,488,333,
489,251,504,251,489,333,504,333,
