309,339,324,339,309,362,324,362,
325,339,340,339,325,362,340,362,
341,339,356,339,341,362,356,362,
357,339,372,339,357,362,372,362,
373,339,388,339,373,362,388,362,
389,339,404,339,389,362,404,362,
405,339,420,339,405,362,420,362,
421,339,436,339,421,362,436,362,
437,339,452,339,437,362,452,362,
453,339,468,339,453,362,468,362,
469,339,484,339,469,362,484,362,
485,339,500,339,485,362,500,362,
501,339,516,339,501,362,516,362,
517,339,532,339,517,362,532,362,
533,339,548,339,533,362,548,362,
549,339,564,339,549,362,564,362,
565,339,580,339,565,362,580,362,
381,373,396,373,381,388,396,388,
397,373,412,373,397,388,412,388,
413,373,428,373,413,388,428,388,
429,373,444,373,429,388,444,388,
445,373,460,373,445,388,460,388,
461,373,476,373,461,388,476,388,
477,373,492,373,477,388,492,388,
493,373,508,373,493,388,508,388,
412,436,427,436,412,514,427,514,
428,436,443,436,428,514,443,514,
444,436,459,436,444,514,459,514,
460,436,475,436,460,514,475,514,
294,548,309,548,294,568,309,568,
310,548,325,548,310,568,325,568,
326,548,341,548,326,568,341,568,
342,548,357,548,342,568,357,568,
358,548,373,548,358,568,373,568,
374,548,389,548,374,568,389,568,
390,548,405,548,390,568,405,568,
406,548,421,548,406,568,421,568,
422,548,437,548,422,568,437,568,
438,548,453,548,438,568,453,568,
454,548,469,548,454,568,469,568,
470,548,485,548,470,568,485,568,
486,548,501,548,486,568,501,568,
502,548,517,548,502,568,517,568,
518,548,533,548,518,568,533,568,
534,548,549,548,534,568,549,568,
550,548,565,548,550,568,565,568,
566,548,581,548,566,568,581,568,
582,548,597,548,582,568,597,568,
