169,224,184,224,169,281,184,281,
185,224,200,224,185,281,200,281,
201,224,216,224,201,281,216,281,
217,224,232,224,217,281,232,281,
233,224,248,224,233,281,248,281,
249,224,264,224,249,281,264,281,
265,224,280,224,265,281,280,281,
281,224,296,224,281,281,296,281,
297,224,312,224,297,281,312,281,
313,224,328,224,313,281,328,281,
329,224,344,224,329,281,344,281,
345,224,360,224,345,281,360,281,
361,224,376,224,361,281,376,281,
377,224,392,224,377,281,392,281,
153,193,168,193,153,213,168,213,
169,193,184,193,169,213,184,213,
185,193,200,193,185,213,200,213,
201,193,216,193,201,213,216,213,
217,193,232,193,217,213,232,213,
233,193,248,193,233,213,248,213,
249,193,264,193,249,213,264,213,
151,313,166,313,151,366,166,366,
167,313,182,313,167,366,182,366,
183,313,198,313,183,366,198,366,
199,313,214,313,199,366,214,366,
215,313,230,313,215,366,230,366,
231,313,246,313,231,366,246,366,
247,313,262,313,247,366,262,366,
263,313,278,313,263,366,278,366,
279,313,294,313,279,366,294,366,
295,313,310,313,295,366,310,366,
311,313,326,313,311,366,326,366,
327,313,342,313,327,366,342,366,
343,313,358,313,343,366,358,366,
359,313,374,313,359,366,374,366,
375,313,390,313,375,366,390,366,
514,212,529,212,514,246,529,246,
530,212,545,212,530,246,545,246,
546,212,561,212,546,246,561,246,
562,212,577,212,562,246,577,246,
578,212,593,212,578,246,593,246,
594,212,609,212,594,246,609,246,
610,212,625,212,610,246,625,246,
626,212,641,212,626,246,641,246,
642,212,657,212,642,246,657,246,
658,212,673,212,658,246,673,246,
674,212,689,212,674,246,689,246,
690,212,705,212,690,246,705,246,
706,212,721,212,706,246,721,246,
722,212,737,212,722,246,737,246,
512,245,527,245,512,264,527,264,
528,245,543,245,528,264,543,264,
544,245,559,245,544,264,559,264,
560,245,575,245,560,264,575,264,
576,245,591,245,576,264,591,264,
592,245,607,245,592,264,607,264,
608,245,623,245,608,264,623,264,
624,245,639,245,624,264,639,264,
641,255,656,255,641,266,656,266,
657,255,672,255,657,266,672,266,
672,260,687,260,672,266,687,266,
687,259,702,259,687,269,702,269,
703,259,718,259,703,269,718,269,
719,259,734,259,719,269,734,269,
676,274,691,274,676,287,691,287,
692,274,707,274,692,287,707,287,
708,274,723,274,708,287,723,287,
724,274,739,274,724,287,739,287,
631,269,646,269,631,290,646,290,
647,269,662,269,647,290,662,290,
663,269,678,269,663,290,678,290,
514,270,529,270,514,279,529,279,
530,270,545,270,530,279,545,279,
546,270,561,270,546,279,561,279,
559,273,574,273,559,279,574,279,
569,272,584,272,569,283,584,283,
585,272,600,272,585,283,600,283,
601,272,616,272,601,283,616,283,
617,272,632,272,617,283,632,283,
402,319,417,319,402,457,417,457,
418,319,433,319,418,457,433,457,
434,319,449,319,434,457,449,457,
450,319,465,319,450,457,465,457,
466,319,481,319,466,457,481,457,
482,319,497,319,482,457,497,457,
498,319,513,319,498,457,513,457,
650,352,665,352,650,374,665,374,
666,352,681,352,666,374,681,374,
682,352,697,352,682,374,697,374,
698,352,713,352,698,374,713,374,
714,352,729,352,714,374,729,374,
507,398,522,398,507,424,522,424,
523,398,538,398,523,424,538,424,
539,398,554,398,539,424,554,424,
555,398,570,398,555,424,570,424,
571,398,586,398,571,424,586,424,
587,398,602,398,587,424,602,424,
506,353,521,353,506,404,521,404,
522,353,537,353,522,404,537,404,
538,353,553,353,538,404,553,404,
554,353,569,353,554,404,569,404,
570,353,585,353,570,404,585,404,
586,353,601,353,586,404,601,404,
602,353,617,353,602,404,617,404,
618,353,633,353,618,404,633,404,
634,353,649,353,634,404,649,404,
650,353,665,353,650,404,665,404,
666,353,681,353,666,404,681,404,
682,353,697,353,682,404,697,404,
698,353,713,353,698,404,713,404,
503,330,518,330,503,357,518,357,
519,330,534,330,519,357,534,357,
535,330,550,330,535,357,550,357,
551,330,566,330,551,357,566,357,
546,309,561,309,546,346,561,346,
562,309,577,309,562,346,577,346,
578,309,593,309,578,346,593,346,
594,309,609,309,594,346,609,346,
610,309,625,309,610,346,625,346,
626,309,641,309,626,346,641,346,
401,307,416,307,401,357,416,357,
417,307,432,307,417,357,432,357,
433,307,448,307,433,357,448,357,
449,307,464,307,449,357,464,357,
465,307,480,307,465,357,480,357,
481,307,496,307,481,357,496,357,
497,307,512,307,497,357,512,357,
394,264,409,264,394,312,409,312,
410,264,425,264,410,312,425,312,
426,264,441,264,426,312,441,312,
442,264,457,264,442,312,457,312,
458,264,473,264,458,312,473,312,
474,264,489,264,474,312,489,312,
397,235,412,235,397,311,412,311,
413,235,428,235,413,311,428,311,
429,235,444,235,429,311,444,311,
445,235,460,235,445,311,460,311,
461,235,476,235,461,311,476,311,
477,235,492,235,477,311,492,311,
493,235,508,235,493,311,508,311,
509,235,524,235,509,311,524,311,
77,412,92,412,77,447,92,447,
93,412,108,412,93,447,108,447,
109,412,124,412,109,447,124,447,
125,412,140,412,125,447,140,447,
39,338,54,338,39,407,54,407,
55,338,70,338,55,407,70,407,
71,338,86,338,71,407,86,407,
87,338,102,338,87,407,102,407,
103,338,118,338,103,407,118,407,
731,332,746,332,731,377,746,377,
747,332,762,332,747,377,762,377,
763,332,778,332,763,377,778,377,
779,332,794,332,779,377,794,377,
795,332,810,332,795,377,810,377,
811,332,826,332,811,377,826,377,
827,332,842,332,827,377,842,377,
843,332,858,332,843,377,858,377,
569,442,584,442,569,455,584,455,
585,442,600,442,585,455,600,455,
601,442,616,442,601,455,616,455,
524,427,539,427,524,441,539,441,
540,427,555,427,540,441,555,441,
556,427,571,427,556,441,571,441,
572,427,587,427,572,441,587,441,
587,429,602,429,587,435,602,435,
593,414,608,414,593,427,608,427,
609,414,624,414,609,427,624,427,
619,404,634,404,619,412,634,412,
635,404,650,404,635,412,650,412,
631,417,646,417,631,427,646,427,
647,417,662,417,647,427,662,427,
663,417,678,417,663,427,678,427,
622,472,637,472,622,505,637,505,
638,472,653,472,638,505,653,505,
654,472,669,472,654,505,669,505,
670,472,685,472,670,505,685,505,
616,495,631,495,616,536,631,536,
632,495,647,495,632,536,647,536,
648,495,663,495,648,536,663,536,
664,495,679,495,664,536,679,536,
680,495,695,495,680,536,695,536,
677,418,692,418,677,431,692,431,
693,418,708,418,693,431,708,431,
709,418,724,418,709,431,724,431,
759,367,774,367,759,403,774,403,
775,367,790,367,775,403,790,403,
791,367,806,367,791,403,806,403,
807,367,822,367,807,403,822,403,
823,367,838,367,823,403,838,403,
901,350,916,350,901,361,916,361,
917,350,932,350,917,361,932,361,
902,346,917,346,902,349,917,349,
913,347,928,347,913,350,928,350,
899,342,914,342,899,346,914,346,
915,342,930,342,915,346,930,346,
899,339,914,339,899,342,914,342,
915,339,930,339,915,342,930,342,
901,335,916,335,901,339,916,339,
917,335,932,335,917,339,932,339,
