48,423,63,423,48,456,63,456,
64,423,79,423,64,456,79,456,
80,423,95,423,80,456,95,456,
96,423,111,423,96,456,111,456,
32,459,47,459,32,484,47,484,
48,459,63,459,48,484,63,484,
64,459,79,459,64,484,79,484,
80,459,95,459,80,484,95,484,
96,459,111,459,96,484,111,484,
3,483,18,483,3,504,18,504,
19,483,34,483,19,504,34,504,
35,483,50,483,35,504,50,504,
201,423,216,423,201,456,216,456,
217,423,232,423,217,456,232,456,
233,423,248,423,233,456,248,456,
249,423,264,423,249,456,264,456,
147,484,162,484,147,503,162,503,
163,484,178,484,163,503,178,503,
179,484,194,484,179,503,194,503,
149,460,164,460,149,480,164,480,
165,460,180,460,165,480,180,480,
181,460,196,460,181,480,196,480,
197,460,212,460,197,480,212,480,
213,460,228,460,213,480,228,480,
229,460,244,460,229,480,244,480,
245,460,260,460,245,480,260,480,
335,424,350,424,335,456,350,456,
351,424,366,424,351,456,366,456,
367,424,382,424,367,456,382,456,
383,424,398,424,383,456,398,456,
399,424,414,424,399,456,414,456,
415,424,430,424,415,456,430,456,
315,484,330,484,315,504,330,504,
331,484,346,484,331,504,346,504,
347,484,362,484,347,504,362,504,
363,484,378,484,363,504,378,504,
293,461,308,461,293,481,308,481,
309,461,324,461,309,481,324,481,
325,461,340,461,325,481,340,481,
341,461,356,461,341,481,356,481,
357,461,372,461,357,481,372,481,
373,461,388,461,373,481,388,481,
389,461,404,461,389,481,404,481,
405,461,420,461,405,481,420,481,
421,461,436,461,421,481,436,481,
58,483,73,483,58,502,73,502,
74,483,89,483,74,502,89,502,
90,483,105,483,90,502,105,502,
190,486,205,486,190,504,205,504,
206,486,221,486,206,504,221,504,
222,486,237,486,222,504,237,504,
238,486,253,486,238,504,253,504,
254,486,269,486,254,504,269,504,
385,486,400,486,385,504,400,504,
401,486,416,486,401,504,416,504,
417,486,432,486,417,504,432,504,
