10,57,25,57,10,85,25,85,
26,57,41,57,26,85,41,85,
42,57,57,57,42,85,57,85,
58,57,73,57,58,85,73,85,
74,57,89,57,74,85,89,85,
90,57,105,57,90,85,105,85,
106,57,121,57,106,85,121,85,
122,57,137,57,122,85,137,85,
138,57,153,57,138,85,153,85,
155,55,170,55,155,90,170,90,
171,55,186,55,171,90,186,90,
187,55,202,55,187,90,202,90,
203,55,218,55,203,90,218,90,
219,55,234,55,219,90,234,90,
235,55,250,55,235,90,250,90,
251,55,266,55,251,90,266,90,
270,57,285,57,270,92,285,92,
286,57,301,57,286,92,301,92,
302,57,317,57,302,92,317,92,
318,57,333,57,318,92,333,92,
16,119,31,119,16,209,31,209,
32,119,47,119,32,209,47,209,
48,119,63,119,48,209,63,209,
64,119,79,119,64,209,79,209,
80,119,95,119,80,209,95,209,
96,119,111,119,96,209,111,209,
112,119,127,119,112,209,127,209,
128,119,143,119,128,209,143,209,
144,119,159,119,144,209,159,209,
160,119,175,119,160,209,175,209,
176,119,191,119,176,209,191,209,
192,119,207,119,192,209,207,209,
234,119,249,119,234,209,249,209,
250,119,265,119,250,209,265,209,
266,119,281,119,266,209,281,209,
282,119,297,119,282,209,297,209,
298,119,313,119,298,209,313,209,
314,119,329,119,314,209,329,209,
330,119,345,119,330,209,345,209,
346,119,361,119,346,209,361,209,
362,119,377,119,362,209,377,209,
378,119,393,119,378,209,393,209,
394,119,409,119,394,209,409,209,
410,119,425,119,410,209,425,209,
426,119,441,119,426,209,441,209,
442,119,457,119,442,209,457,209,
458,119,473,119,458,209,473,209,
474,119,489,119,474,209,489,209,
490,119,505,119,490,209,505,209,
506,119,521,119,506,209,521,209,
522,119,537,119,522,209,537,209,
538,119,553,119,538,209,553,209,
554,119,569,119,554,209,569,209,
570,119,585,119,570,209,585,209,
586,119,601,119,586,209,601,209,
602,119,617,119,602,209,617,209,
618,119,633,119,618,209,633,209,
634,119,649,119,634,209,649,209,
650,119,665,119,650,209,665,209,
666,119,681,119,666,209,681,209,
682,119,697,119,682,209,697,209,
722,121,737,121,722,209,737,209,
738,121,753,121,738,209,753,209,
754,121,769,121,754,209,769,209,
770,121,785,121,770,209,785,209,
786,121,801,121,786,209,801,209,
802,121,817,121,802,209,817,209,
818,121,833,121,818,209,833,209,
834,121,849,121,834,209,849,209,
850,121,865,121,850,209,865,209,
866,121,881,121,866,209,881,209,
882,121,897,121,882,209,897,209,
898,121,913,121,898,209,913,209,
914,121,929,121,914,209,929,209,
930,121,945,121,930,209,945,209,
7,236,22,236,7,281,22,281,
23,236,38,236,23,281,38,281,
39,236,54,236,39,281,54,281,
55,236,70,236,55,281,70,281,
71,236,86,236,71,281,86,281,
87,236,102,236,87,281,102,281,
103,236,118,236,103,281,118,281,
119,236,134,236,119,281,134,281,
135,236,150,236,135,281,150,281,
151,236,166,236,151,281,166,281,
167,236,182,236,167,281,182,281,
183,236,198,236,183,281,198,281,
199,236,214,236,199,281,214,281,
215,236,230,236,215,281,230,281,
231,236,246,236,231,281,246,281,
247,236,262,236,247,281,262,281,
263,236,278,236,263,281,278,281,
279,236,294,236,279,281,294,281,
295,236,310,236,295,281,310,281,
312,236,327,236,312,274,327,274,
328,236,343,236,328,274,343,274,
344,236,359,236,344,274,359,274,
360,236,375,236,360,274,375,274,
376,236,391,236,376,274,391,274,
392,236,407,236,392,274,407,274,
408,236,423,236,408,274,423,274,
424,236,439,236,424,274,439,274,
440,236,455,236,440,274,455,274,
456,236,471,236,456,274,471,274,
472,236,487,236,472,274,487,274,
488,236,503,236,488,274,503,274,
504,236,519,236,504,274,519,274,
520,236,535,236,520,274,535,274,
536,236,551,236,536,274,551,274,
552,236,567,236,552,274,567,274,
568,236,583,236,568,274,583,274,
584,236,599,236,584,274,599,274,
600,236,615,236,600,274,615,274,
615,238,630,238,615,275,630,275,
631,238,646,238,631,275,646,275,
647,238,662,238,647,275,662,275,
664,238,679,238,664,274,679,274,
680,238,695,238,680,274,695,274,
696,238,711,238,696,274,711,274,
712,238,727,238,712,274,727,274,
728,238,743,238,728,274,743,274,
744,238,759,238,744,274,759,274,
760,238,775,238,760,274,775,274,
776,238,791,238,776,274,791,274,
792,238,807,238,792,274,807,274,
808,238,823,238,808,274,823,274,
824,238,839,238,824,274,839,274,
840,238,855,238,840,274,855,274,
856,238,871,238,856,274,871,274,
872,238,887,238,872,274,887,274,
888,238,903,238,888,274,903,274,
904,238,919,238,904,274,919,274,
920,238,935,238,920,274,935,274,
298,291,313,291,298,335,313,335,
314,291,329,291,314,335,329,335,
330,291,345,291,330,335,345,335,
346,291,361,291,346,335,361,335,
362,291,377,291,362,335,377,335,
378,291,393,291,378,335,393,335,
394,291,409,291,394,335,409,335,
410,291,425,291,410,335,425,335,
426,291,441,291,426,335,441,335,
442,291,457,291,442,335,457,335,
458,291,473,291,458,335,473,335,
474,291,489,291,474,335,489,335,
490,291,505,291,490,335,505,335,
506,291,521,291,506,335,521,335,
522,291,537,291,522,335,537,335,
538,291,553,291,538,335,553,335,
554,291,569,291,554,335,569,335,
570,291,585,291,570,335,585,335,
586,291,601,291,586,335,601,335,
602,291,617,291,602,335,617,335,
618,291,633,291,618,335,633,335,
109,359,124,359,109,437,124,437,
125,359,140,359,125,437,140,437,
141,359,156,359,141,437,156,437,
157,359,172,359,157,437,172,437,
173,359,188,359,173,437,188,437,
189,359,204,359,189,437,204,437,
205,359,220,359,205,437,220,437,
221,359,236,359,221,437,236,437,
237,359,252,359,237,437,252,437,
253,359,268,359,253,437,268,437,
286,360,301,360,286,437,301,437,
302,360,317,360,302,437,317,437,
318,360,333,360,318,437,333,437,
334,360,349,360,334,437,349,437,
350,360,365,360,350,437,365,437,
366,360,381,360,366,437,381,437,
382,360,397,360,382,437,397,437,
398,360,413,360,398,437,413,437,
414,360,429,360,414,437,429,437,
430,360,445,360,430,437,445,437,
446,360,461,360,446,437,461,437,
462,360,477,360,462,437,477,437,
478,360,493,360,478,437,493,437,
494,360,509,360,494,437,509,437,
510,360,525,360,510,437,525,437,
526,360,541,360,526,437,541,437,
542,360,557,360,542,437,557,437,
558,360,573,360,558,437,573,437,
574,360,589,360,574,437,589,437,
590,360,605,360,590,437,605,437,
606,360,621,360,606,437,621,437,
622,360,637,360,622,437,637,437,
638,360,653,360,638,437,653,437,
654,360,669,360,654,437,669,437,
670,360,685,360,670,437,685,437,
686,360,701,360,686,437,701,437,
702,360,717,360,702,437,717,437,
718,360,733,360,718,437,733,437,
734,360,749,360,734,437,749,437,
750,360,765,360,750,437,765,437,
766,360,781,360,766,437,781,437,
782,360,797,360,782,437,797,437,
798,360,813,360,798,437,813,437,
814,360,829,360,814,437,829,437,
190,457,205,457,190,498,205,498,
206,457,221,457,206,498,221,498,
222,457,237,457,222,498,237,498,
238,457,253,457,238,498,253,498,
254,457,269,457,254,498,269,498,
270,457,285,457,270,498,285,498,
286,457,301,457,286,498,301,498,
302,457,317,457,302,498,317,498,
318,457,333,457,318,498,333,498,
334,457,349,457,334,498,349,498,
350,457,365,457,350,498,365,498,
366,457,381,457,366,498,381,498,
382,457,397,457,382,498,397,498,
398,457,413,457,398,498,413,498,
414,457,429,457,414,498,429,498,
430,457,445,457,430,498,445,498,
446,457,461,457,446,498,461,498,
462,457,477,457,462,498,477,498,
478,457,493,457,478,498,493,498,
494,457,509,457,494,498,509,498,
510,457,525,457,510,498,525,498,
526,457,541,457,526,498,541,498,
542,457,557,457,542,498,557,498,
558,457,573,457,558,498,573,498,
573,464,588,464,573,501,588,501,
589,464,604,464,589,501,604,501,
605,464,620,464,605,501,620,501,
634,465,649,465,634,501,649,501,
650,465,665,465,650,501,665,501,
666,465,681,465,666,501,681,501,
682,465,697,465,682,501,697,501,
698,465,713,465,698,501,713,501,
714,465,729,465,714,501,729,501,
730,465,745,465,730,501,745,501,
