420,292,435,292,420,295,435,295,
436,292,451,292,436,295,451,295,
5,351,20,351,5,357,20,357,
13,349,28,349,13,356,28,356,
29,349,44,349,29,356,44,356,
45,349,60,349,45,356,60,356,
2,367,17,367,2,372,17,372,
5,372,20,372,5,382,20,382,
21,372,36,372,21,382,36,382,
4,380,19,380,4,388,19,388,
20,380,35,380,20,388,35,388,
36,380,51,380,36,388,51,388,
52,380,67,380,52,388,67,388,
5,386,20,386,5,393,20,393,
21,386,36,386,21,393,36,393,
37,386,52,386,37,393,52,393,
53,386,68,386,53,393,68,393,
1,394,16,394,1,415,16,415,
17,394,32,394,17,415,32,415,
484,275,499,275,484,286,499,286,
500,275,515,275,500,286,515,286,
482,287,497,287,482,292,497,292,
498,287,513,287,498,292,513,292,
510,287,525,287,510,292,525,292,
526,287,541,287,526,292,541,292,
486,294,501,294,486,298,501,298,
502,294,517,294,502,298,517,298,
489,301,504,301,489,305,504,305,
505,301,520,301,505,305,520,305,
485,307,500,307,485,311,500,311,
501,307,516,307,501,311,516,311,
517,307,532,307,517,311,532,311,
482,311,497,311,482,315,497,315,
498,311,513,311,498,315,513,315,
488,316,503,316,488,320,503,320,
504,316,519,316,504,320,519,320,
482,325,497,325,482,330,497,330,
498,325,513,325,498,330,513,330,
487,330,502,330,487,335,502,335,
503,330,518,330,503,335,518,335,
489,335,504,335,489,339,504,339,
487,340,502,340,487,344,502,344,
503,340,518,340,503,344,518,344,
519,340,534,340,519,344,534,344,
538,311,553,311,538,349,553,349,
554,311,569,311,554,349,569,349,
570,311,585,311,570,349,585,349,
538,301,553,301,538,310,553,310,
539,287,554,287,539,292,554,292,
548,287,563,287,548,292,563,292,
564,287,579,287,564,292,579,292,
597,468,612,468,597,475,612,475,
613,468,628,468,613,475,628,475,
510,455,525,455,510,459,525,459,
489,409,504,409,489,415,504,415,
505,409,520,409,505,415,520,415,
521,409,536,409,521,415,536,415,
523,418,538,418,523,447,538,447,
539,418,554,418,539,447,554,447,
555,418,570,418,555,447,570,447,
571,418,586,418,571,447,586,447,
299,461,314,461,299,470,314,470,
315,461,330,461,315,470,330,470,
285,332,300,332,285,350,300,350,
301,332,316,332,301,350,316,350,
317,332,332,332,317,350,332,350,
1,351,16,351,1,357,16,357,
1,414,16,414,1,421,16,421,
17,414,32,414,17,421,32,421,
33,414,48,414,33,421,48,421,
17,497,32,497,17,532,32,532,
33,497,48,497,33,532,48,532,
49,497,64,497,49,532,64,532,
