218,463,233,463,218,500,233,500,
234,463,249,463,234,500,249,500,
250,463,265,463,250,500,265,500,
266,463,281,463,266,500,281,500,
282,463,297,463,282,500,297,500,
298,463,313,463,298,500,313,500,
314,463,329,463,314,500,329,500,
330,463,345,463,330,500,345,500,
346,463,361,463,346,500,361,500,
362,463,377,463,362,500,377,500,
241,507,256,507,241,528,256,528,
257,507,272,507,257,528,272,528,
273,507,288,507,273,528,288,528,
289,507,304,507,289,528,304,528,
305,507,320,507,305,528,320,528,
321,507,336,507,321,528,336,528,
337,507,352,507,337,528,352,528,
288,331,303,331,288,398,303,398,
