236,443,251,443,236,458,251,458,
252,443,267,443,252,458,267,458,
268,443,283,443,268,458,283,458,
210,442,225,442,210,456,225,456,
226,442,241,442,226,456,241,456,
197,360,212,360,197,441,212,441,
213,360,228,360,213,441,228,441,
229,360,244,360,229,441,244,441,
245,360,260,360,245,441,260,441,
261,360,276,360,261,441,276,441,
277,360,292,360,277,441,292,441,
293,360,308,360,293,441,308,441,
305,343,320,343,305,357,320,357,
321,343,336,343,321,357,336,357,
337,343,352,343,337,357,352,357,
261,341,276,341,261,356,276,356,
277,341,292,341,277,356,292,356,
293,341,308,341,293,356,308,356,
247,340,262,340,247,353,262,353,
183,338,198,338,183,352,198,352,
199,338,214,338,199,352,214,352,
215,338,230,338,215,352,230,352,
231,338,246,338,231,352,246,352,
157,339,172,339,157,348,172,348,
