118,254,133,254,118,311,133,311,
134,254,149,254,134,311,149,311,
150,254,165,254,150,311,165,311,
166,254,181,254,166,311,181,311,
182,254,197,254,182,311,197,311,
198,254,213,254,198,311,213,311,
214,254,229,254,214,311,229,311,
230,254,245,254,230,311,245,311,
246,254,261,254,246,311,261,311,
262,254,277,254,262,311,277,311,
278,254,293,254,278,311,293,311,
294,254,309,254,294,311,309,311,
310,254,325,254,310,311,325,311,
326,254,341,254,326,311,341,311,
342,254,357,254,342,311,357,311,
358,254,373,254,358,311,373,311,
374,254,389,254,374,311,389,311,
390,254,405,254,390,311,405,311,
406,254,421,254,406,311,421,311,
422,254,437,254,422,311,437,311,
438,254,453,254,438,311,453,311,
454,254,469,254,454,311,469,311,
470,254,485,254,470,311,485,311,
149,316,164,316,149,348,164,348,
165,316,180,316,165,348,180,348,
181,316,196,316,181,348,196,348,
197,316,212,316,197,348,212,348,
213,316,228,316,213,348,228,348,
229,316,244,316,229,348,244,348,
245,316,260,316,245,348,260,348,
261,316,276,316,261,348,276,348,
277,316,292,316,277,348,292,348,
293,316,308,316,293,348,308,348,
309,316,324,316,309,348,324,348,
332,312,347,312,332,349,347,349,
348,312,363,312,348,349,363,349,
364,312,379,312,364,349,379,349,
380,312,395,312,380,349,395,349,
396,312,411,312,396,349,411,349,
412,312,427,312,412,349,427,349,
428,312,443,312,428,349,443,349,
444,312,459,312,444,349,459,349,
460,312,475,312,460,349,475,349,
223,345,238,345,223,378,238,378,
239,345,254,345,239,378,254,378,
255,345,270,345,255,378,270,378,
271,345,286,345,271,378,286,378,
287,345,302,345,287,378,302,378,
303,345,318,345,303,378,318,378,
319,345,334,345,319,378,334,378,
335,345,350,345,335,378,350,378,
351,345,366,345,351,378,366,378,
367,345,382,345,367,378,382,378,
146,373,161,373,146,399,161,399,
162,373,177,373,162,399,177,399,
178,373,193,373,178,399,193,399,
194,373,209,373,194,399,209,399,
210,373,225,373,210,399,225,399,
226,373,241,373,226,399,241,399,
244,368,259,368,244,407,259,407,
260,368,275,368,260,407,275,407,
276,368,291,368,276,407,291,407,
292,368,307,368,292,407,307,407,
308,368,323,368,308,407,323,407,
324,368,339,368,324,407,339,407,
340,368,355,368,340,407,355,407,
356,368,371,368,356,407,371,407,
372,368,387,368,372,407,387,407,
388,368,403,368,388,407,403,407,
404,368,419,368,404,407,419,407,
420,368,435,368,420,407,435,407,
436,368,451,368,436,407,451,407,
452,368,467,368,452,407,467,407,
468,368,483,368,468,407,483,407,
199,403,214,403,199,434,214,434,
215,403,230,403,215,434,230,434,
231,403,246,403,231,434,246,434,
247,403,262,403,247,434,262,434,
263,403,278,403,263,434,278,434,
279,403,294,403,279,434,294,434,
295,403,310,403,295,434,310,434,
311,403,326,403,311,434,326,434,
327,403,342,403,327,434,342,434,
343,403,358,403,343,434,358,434,
359,403,374,403,359,434,374,434,
375,403,390,403,375,434,390,434,
391,403,406,403,391,434,406,434,
