192,251,207,251,192,292,207,292,
208,251,223,251,208,292,223,292,
224,251,239,251,224,292,239,292,
240,251,255,251,240,292,255,292,
256,251,271,251,256,292,271,292,
272,251,287,251,272,292,287,292,
288,251,303,251,288,292,303,292,
304,251,319,251,304,292,319,292,
320,251,335,251,320,292,335,292,
226,446,241,446,226,466,241,466,
242,446,257,446,242,466,257,466,
258,446,273,446,258,466,273,466,
275,435,290,435,275,460,290,460,
291,435,306,435,291,460,306,460,
307,435,322,435,307,460,322,460,
323,435,338,435,323,460,338,460,
339,435,354,435,339,460,354,460,
