229,258,244,258,229,288,244,288,
245,258,260,258,245,288,260,288,
261,258,276,258,261,288,276,288,
277,258,292,258,277,288,292,288,
293,258,308,258,293,288,308,288,
309,258,324,258,309,288,324,288,
325,258,340,258,325,288,340,288,
341,258,356,258,341,288,356,288,
357,258,372,258,357,288,372,288,
373,258,388,258,373,288,388,288,
396,264,411,264,396,288,411,288,
412,264,427,264,412,288,427,288,
428,264,443,264,428,288,443,288,
444,264,459,264,444,288,459,288,
460,264,475,264,460,288,475,288,
476,264,491,264,476,288,491,288,
492,264,507,264,492,288,507,288,
346,294,361,294,346,318,361,318,
362,294,377,294,362,318,377,318,
378,294,393,294,378,318,393,318,
266,321,281,321,266,343,281,343,
282,321,297,321,282,343,297,343,
298,321,313,321,298,343,313,343,
314,321,329,321,314,343,329,343,
330,321,345,321,330,343,345,343,
346,321,361,321,346,343,361,343,
362,321,377,321,362,343,377,343,
378,321,393,321,378,343,393,343,
394,321,409,321,394,343,409,343,
410,321,425,321,410,343,425,343,
426,321,441,321,426,343,441,343,
442,321,457,321,442,343,457,343,
458,321,473,321,458,343,473,343,
572,313,587,313,572,403,587,403,
