119,259,134,259,119,289,134,289,
135,259,150,259,135,289,150,289,
151,259,166,259,151,289,166,289,
167,259,182,259,167,289,182,289,
185,257,200,257,185,287,200,287,
201,257,216,257,201,287,216,287,
217,257,232,257,217,287,232,287,
238,257,253,257,238,287,253,287,
254,257,269,257,254,287,269,287,
276,254,291,254,276,286,291,286,
292,254,307,254,292,286,307,286,
308,254,323,254,308,286,323,286,
324,254,339,254,324,286,339,286,
340,254,355,254,340,286,355,286,
356,254,371,254,356,286,371,286,
372,254,387,254,372,286,387,286,
388,254,403,254,388,286,403,286,
123,298,138,298,123,323,138,323,
139,298,154,298,139,323,154,323,
163,296,178,296,163,323,178,323,
179,296,194,296,179,323,194,323,
195,296,210,296,195,323,210,323,
211,296,226,296,211,323,226,323,
227,296,242,296,227,323,242,323,
243,296,258,296,243,323,258,323,
259,296,274,296,259,323,274,323,
275,296,290,296,275,323,290,323,
295,295,310,295,295,319,310,319,
309,293,324,293,309,318,324,318,
325,293,340,293,325,318,340,318,
341,293,356,293,341,318,356,318,
357,293,372,293,357,318,372,318,
373,293,388,293,373,318,388,318,
389,293,404,293,389,318,404,318,
122,331,137,331,122,358,137,358,
138,331,153,331,138,358,153,358,
154,331,169,331,154,358,169,358,
170,331,185,331,170,358,185,358,
186,331,201,331,186,358,201,358,
202,331,217,331,202,358,217,358,
220,329,235,329,220,355,235,355,
237,329,252,329,237,355,252,355,
253,329,268,329,253,355,268,355,
269,329,284,329,269,355,284,355,
285,329,300,329,285,355,300,355,
301,329,316,329,301,355,316,355,
323,326,338,326,323,352,338,352,
339,326,354,326,339,352,354,352,
355,326,370,326,355,352,370,352,
371,326,386,326,371,352,386,352,
387,326,402,326,387,352,402,352,
138,428,153,428,138,446,153,446,
154,428,169,428,154,446,169,446,
170,428,185,428,170,446,185,446,
186,428,201,428,186,446,201,446,
202,428,217,428,202,446,217,446,
218,428,233,428,218,446,233,446,
256,422,271,422,256,433,271,433,
272,422,287,422,272,433,287,433,
288,422,303,422,288,433,303,433,
255,434,270,434,255,442,270,442,
271,434,286,434,271,442,286,442,
287,434,302,434,287,442,302,442,
303,434,318,434,303,442,318,442,
308,434,323,434,308,436,323,436,
342,424,357,424,342,437,357,437,
358,424,373,424,358,437,373,437,
374,424,389,424,374,437,389,437,
390,424,405,424,390,437,405,437,
139,460,154,460,139,472,154,472,
155,460,170,460,155,472,170,472,
171,460,186,460,171,472,186,472,
162,469,177,469,162,476,177,476,
178,469,193,469,178,476,193,476,
200,487,215,487,200,492,215,492,
214,487,229,487,214,491,229,491,
240,486,255,486,240,491,255,491,
255,486,270,486,255,489,270,489,
265,485,280,485,265,490,280,490,
281,485,296,485,281,490,296,490,
282,485,297,485,282,486,297,486,
299,476,314,476,299,483,314,483,
315,476,330,476,315,483,330,483,
331,476,346,476,331,483,346,483,
355,473,370,473,355,478,370,478,
371,473,386,473,371,478,386,478,
387,473,402,473,387,478,402,478,
161,500,176,500,161,524,176,524,
177,500,192,500,177,524,192,524,
182,503,197,503,182,514,197,514,
198,503,213,503,198,514,213,514,
214,503,229,503,214,514,229,514,
221,503,236,503,221,505,236,505,
246,506,261,506,246,511,261,511,
262,506,277,506,262,511,277,511,
249,510,264,510,249,514,264,514,
265,510,280,510,265,514,280,514,
269,510,284,510,269,511,284,511,
283,504,298,504,283,509,298,509,
299,504,314,504,299,509,314,509,
286,509,301,509,286,513,301,513,
302,509,317,509,302,513,317,513,
327,506,342,506,327,513,342,513,
343,506,358,506,343,513,358,513,
333,502,348,502,333,515,348,515,
349,502,364,502,349,515,364,515,
365,502,380,502,365,515,380,515,
521,72,536,72,521,119,536,119,
537,72,552,72,537,119,552,119,
553,72,568,72,553,119,568,119,
569,72,584,72,569,119,584,119,
585,72,600,72,585,119,600,119,
552,95,567,95,552,173,567,173,
568,95,583,95,568,173,583,173,
584,95,599,95,584,173,599,173,
558,181,573,181,558,205,573,205,
574,181,589,181,574,205,589,205,
590,181,605,181,590,205,605,205,
489,1,504,1,489,81,504,81,
505,1,520,1,505,81,520,81,
521,1,536,1,521,81,536,81,
355,479,370,479,355,483,370,483,
371,479,386,479,371,483,386,483,
387,479,402,479,387,483,402,483,
