135,512,150,512,135,586,150,586,
151,512,166,512,151,586,166,586,
167,512,182,512,167,586,182,586,
183,512,198,512,183,586,198,586,
199,512,214,512,199,586,214,586,
215,512,230,512,215,586,230,586,
231,512,246,512,231,586,246,586,
247,512,262,512,247,586,262,586,
268,508,283,508,268,586,283,586,
284,508,299,508,284,586,299,586,
300,508,315,508,300,586,315,586,
316,508,331,508,316,586,331,586,
332,508,347,508,332,586,347,586,
348,508,363,508,348,586,363,586,
364,508,379,508,364,586,379,586,
380,508,395,508,380,586,395,586,
396,508,411,508,396,586,411,586,
412,508,427,508,412,586,427,586,
428,508,443,508,428,586,443,586,
444,508,459,508,444,586,459,586,
460,508,475,508,460,586,475,586,
476,508,491,508,476,586,491,586,
492,508,507,508,492,586,507,586,
508,508,523,508,508,586,523,586,
524,508,539,508,524,586,539,586,
540,508,555,508,540,586,555,586,
551,513,566,513,551,590,566,590,
567,513,582,513,567,590,582,590,
583,513,598,513,583,590,598,590,
599,513,614,513,599,590,614,590,
615,513,630,513,615,590,630,590,
631,513,646,513,631,590,646,590,
647,513,662,513,647,590,662,590,
663,513,678,513,663,590,678,590,
679,513,694,513,679,590,694,590,
695,513,710,513,695,590,710,590,
711,513,726,513,711,590,726,590,
463,593,478,593,463,600,478,600,
479,593,494,593,479,600,494,600,
495,593,510,593,495,600,510,600,
511,593,526,593,511,600,526,600,
527,593,542,593,527,600,542,600,
588,595,603,595,588,600,603,600,
604,595,619,595,604,600,619,600,
355,593,370,593,355,600,370,600,
371,593,386,593,371,600,386,600,
