136,390,151,390,136,451,151,451,
152,390,167,390,152,451,167,451,
168,390,183,390,168,451,183,451,
184,390,199,390,184,451,199,451,
200,390,215,390,200,451,215,451,
216,390,231,390,216,451,231,451,
232,390,247,390,232,451,247,451,
248,390,263,390,248,451,263,451,
264,390,279,390,264,451,279,451,
280,390,295,390,280,451,295,451,
305,363,320,363,305,465,320,465,
321,363,336,363,321,465,336,465,
337,363,352,363,337,465,352,465,
353,363,368,363,353,465,368,465,
369,363,384,363,369,465,384,465,
385,363,400,363,385,465,400,465,
401,363,416,363,401,465,416,465,
417,363,432,363,417,465,432,465,
433,363,448,363,433,465,448,465,
449,363,464,363,449,465,464,465,
465,363,480,363,465,465,480,465,
481,363,496,363,481,465,496,465,
497,363,512,363,497,465,512,465,
513,363,528,363,513,465,528,465,
529,363,544,363,529,465,544,465,
545,363,560,363,545,465,560,465,
561,363,576,363,561,465,576,465,
577,363,592,363,577,465,592,465,
593,363,608,363,593,465,608,465,
609,363,624,363,609,465,624,465,
