200,317,215,317,200,400,215,400,
216,317,231,317,216,400,231,400,
232,317,247,317,232,400,247,400,
248,317,263,317,248,400,263,400,
264,317,279,317,264,400,279,400,
280,317,295,317,280,400,295,400,
296,317,311,317,296,400,311,400,
312,317,327,317,312,400,327,400,
328,317,343,317,328,400,343,400,
344,317,359,317,344,400,359,400,
360,317,375,317,360,400,375,400,
376,317,391,317,376,400,391,400,
391,347,406,347,391,413,406,413,
407,347,422,347,407,413,422,413,
423,347,438,347,423,413,438,413,
439,347,454,347,439,413,454,413,
455,347,470,347,455,413,470,413,
471,347,486,347,471,413,486,413,
487,347,502,347,487,413,502,413,
503,347,518,347,503,413,518,413,
519,326,534,326,519,412,534,412,
535,326,550,326,535,412,550,412,
551,326,566,326,551,412,566,412,
567,326,582,326,567,412,582,412,
583,326,598,326,583,412,598,412,
599,326,614,326,599,412,614,412,
