86,328,101,328,86,661,101,661,
102,328,117,328,102,661,117,661,
118,328,133,328,118,661,133,661,
134,328,149,328,134,661,149,661,
150,328,165,328,150,661,165,661,
166,328,181,328,166,661,181,661,
182,328,197,328,182,661,197,661,
198,328,213,328,198,661,213,661,
214,328,229,328,214,661,229,661,
230,328,245,328,230,661,245,661,
246,328,261,328,246,661,261,661,
262,328,277,328,262,661,277,661,
278,328,293,328,278,661,293,661,
294,328,309,328,294,661,309,661,
310,328,325,328,310,661,325,661,
326,328,341,328,326,661,341,661,
342,328,357,328,342,661,357,661,
358,328,373,328,358,661,373,661,
374,328,389,328,374,661,389,661,
390,328,405,328,390,661,405,661,
406,328,421,328,406,661,421,661,
422,328,437,328,422,661,437,661,
438,328,453,328,438,661,453,661,
454,328,469,328,454,661,469,661,
470,328,485,328,470,661,485,661,
486,328,501,328,486,661,501,661,
502,328,517,328,502,661,517,661,
