41,98,56,98,41,120,56,120,
57,98,72,98,57,120,72,120,
73,98,88,98,73,120,88,120,
89,98,104,98,89,120,104,120,
105,98,120,98,105,120,120,120,
113,88,128,88,113,101,128,101,
129,88,144,88,129,101,144,101,
145,88,160,88,145,101,160,101,
120,99,135,99,120,139,135,139,
136,99,151,99,136,139,151,139,
152,99,167,99,152,139,167,139,
168,99,183,99,168,139,183,139,
179,96,194,96,179,138,194,138,
195,96,210,96,195,138,210,138,
211,96,226,96,211,138,226,138,
227,96,242,96,227,138,242,138,
243,96,258,96,243,138,258,138,
259,96,274,96,259,138,274,138,
275,96,290,96,275,138,290,138,
290,117,305,117,290,138,305,138,
264,137,279,137,264,143,279,143,
269,135,284,135,269,145,284,145,
285,135,300,135,285,145,300,145,
45,200,60,200,45,234,60,234,
61,200,76,200,61,234,76,234,
77,200,92,200,77,234,92,234,
98,204,113,204,98,237,113,237,
114,204,129,204,114,237,129,237,
130,204,145,204,130,237,145,237,
146,204,161,204,146,237,161,237,
162,204,177,204,162,237,177,237,
177,204,192,204,177,238,192,238,
193,204,208,204,193,238,208,238,
209,204,224,204,209,238,224,238,
224,206,239,206,224,241,239,241,
240,206,255,206,240,241,255,241,
256,206,271,206,256,241,271,241,
269,210,284,210,269,242,284,242,
285,210,300,210,285,242,300,242,
301,210,316,210,301,242,316,242,
317,210,332,210,317,242,332,242,
40,245,55,245,40,266,55,266,
56,245,71,245,56,266,71,266,
72,245,87,245,72,266,87,266,
88,245,103,245,88,266,103,266,
103,250,118,250,103,267,118,267,
119,250,134,250,119,267,134,267,
134,251,149,251,134,266,149,266,
150,251,165,251,150,266,165,266,
164,249,179,249,164,270,179,270,
180,249,195,249,180,270,195,270,
192,251,207,251,192,271,207,271,
208,251,223,251,208,271,223,271,
224,251,239,251,224,271,239,271,
240,251,255,251,240,271,255,271,
255,251,270,251,255,271,270,271,
271,251,286,251,271,271,286,271,
290,255,305,255,290,271,305,271,
304,254,319,254,304,273,319,273,
320,254,335,254,320,273,335,273,
336,254,351,254,336,273,351,273,
352,254,367,254,352,273,367,273,
362,255,377,255,362,273,377,273,
378,255,393,255,378,273,393,273,
394,255,409,255,394,273,409,273,
406,256,421,256,406,275,421,275,
422,256,437,256,422,275,437,275,
438,256,453,256,438,275,453,275,
454,256,469,256,454,275,469,275,
465,257,480,257,465,276,480,276,
481,257,496,257,481,276,496,276,
497,257,512,257,497,276,512,276,
514,259,529,259,514,276,529,276,
530,259,545,259,530,276,545,276,
36,267,51,267,36,284,51,284,
52,267,67,267,52,284,67,284,
66,267,81,267,66,284,81,284,
82,267,97,267,82,284,97,284,
98,269,113,269,98,287,113,287,
114,269,129,269,114,287,129,287,
130,269,145,269,130,287,145,287,
142,269,157,269,142,288,157,288,
158,269,173,269,158,288,173,288,
174,269,189,269,174,288,189,288,
184,270,199,270,184,290,199,290,
200,270,215,270,200,290,215,290,
216,270,231,270,216,290,231,290,
232,270,247,270,232,290,247,290,
243,273,258,273,243,290,258,290,
259,273,274,273,259,290,274,290,
275,273,290,273,275,290,290,290,
288,273,303,273,288,292,303,292,
304,273,319,273,304,292,319,292,
320,273,335,273,320,292,335,292,
336,273,351,273,336,292,351,292,
350,275,365,275,350,290,365,290,
366,275,381,275,366,290,381,290,
380,275,395,275,380,291,395,291,
396,275,411,275,396,291,411,291,
411,277,426,277,411,290,426,290,
427,277,442,277,427,290,442,290,
443,277,458,277,443,293,458,293,
459,277,474,277,459,293,474,293,
475,277,490,277,475,293,490,293,
491,277,506,277,491,293,506,293,
505,277,520,277,505,291,520,291,
518,276,533,276,518,292,533,292,
534,276,549,276,534,292,549,292,
35,286,50,286,35,305,50,305,
51,286,66,286,51,305,66,305,
67,286,82,286,67,305,82,305,
83,286,98,286,83,305,98,305,
99,286,114,286,99,305,114,305,
115,286,130,286,115,305,130,305,
127,288,142,288,127,305,142,305,
143,288,158,288,143,305,158,305,
152,288,167,288,152,305,167,305,
168,288,183,288,168,305,183,305,
184,288,199,288,184,305,199,305,
190,289,205,289,190,305,205,305,
206,289,221,289,206,305,221,305,
213,290,228,290,213,305,228,305,
229,290,244,290,229,305,244,305,
240,291,255,291,240,307,255,307,
256,291,271,291,256,307,271,307,
275,290,290,290,275,310,290,310,
291,290,306,290,291,310,306,310,
307,290,322,290,307,310,322,310,
323,290,338,290,323,310,338,310,
338,291,353,291,338,308,353,308,
354,291,369,291,354,308,369,308,
370,291,385,291,370,308,385,308,
386,291,401,291,386,308,401,308,
402,291,417,291,402,308,417,308,
418,291,433,291,418,308,433,308,
426,294,441,294,426,308,441,308,
442,294,457,294,442,308,457,308,
450,295,465,295,450,313,465,313,
466,295,481,295,466,313,481,313,
476,293,491,293,476,311,491,311,
492,293,507,293,492,311,507,311,
508,293,523,293,508,311,523,311,
517,295,532,295,517,311,532,311,
533,295,548,295,533,311,548,311,
40,305,55,305,40,322,55,322,
56,305,71,305,56,322,71,322,
72,305,87,305,72,322,87,322,
86,310,101,310,86,322,101,322,
102,310,117,310,102,322,117,322,
111,307,126,307,111,322,126,322,
127,307,142,307,127,322,142,322,
139,307,154,307,139,327,154,327,
155,307,170,307,155,327,170,327,
171,307,186,307,171,327,186,327,
187,307,202,307,187,327,202,327,
203,308,218,308,203,325,218,325,
219,308,234,308,219,325,234,325,
235,308,250,308,235,325,250,325,
251,308,266,308,251,325,266,325,
267,308,282,308,267,325,282,325,
287,311,302,311,287,326,302,326,
307,310,322,310,307,326,322,326,
323,310,338,310,323,326,338,326,
339,310,354,310,339,326,354,326,
355,310,370,310,355,326,370,326,
369,312,384,312,369,329,384,329,
385,312,400,312,385,329,400,329,
401,312,416,312,401,329,416,329,
417,312,432,312,417,329,432,329,
428,313,443,313,428,327,443,327,
444,313,459,313,444,327,459,327,
455,313,470,313,455,330,470,330,
471,313,486,313,471,330,486,330,
487,313,502,313,487,330,502,330,
503,313,518,313,503,330,518,330,
514,313,529,313,514,327,529,327,
530,313,545,313,530,327,545,327,
38,324,53,324,38,345,53,345,
54,324,69,324,54,345,69,345,
70,324,85,324,70,345,85,345,
86,324,101,324,86,345,101,345,
102,324,117,324,102,345,117,345,
118,324,133,324,118,345,133,345,
134,324,149,324,134,345,149,345,
146,326,161,326,146,343,161,343,
162,326,177,326,162,343,177,343,
178,326,193,326,178,343,193,343,
194,326,209,326,194,343,209,343,
210,326,225,326,210,343,225,343,
226,326,241,326,226,343,241,343,
237,330,252,330,237,344,252,344,
253,330,268,330,253,344,268,344,
269,330,284,330,269,344,284,344,
282,329,297,329,282,344,297,344,
298,329,313,329,298,344,313,344,
312,330,327,330,312,345,327,345,
330,328,345,328,330,345,345,345,
346,328,361,328,346,345,361,345,
362,329,377,329,362,345,377,345,
378,329,393,329,378,345,393,345,
393,331,408,331,393,345,408,345,
405,330,420,330,405,345,420,345,
421,330,436,330,421,345,436,345,
432,329,447,329,432,345,447,345,
448,329,463,329,448,345,463,345,
464,329,479,329,464,345,479,345,
480,329,495,329,480,345,495,345,
496,329,511,329,496,345,511,345,
512,329,527,329,512,345,527,345,
528,334,543,334,528,346,543,346,
37,344,52,344,37,362,52,362,
53,344,68,344,53,362,68,362,
69,344,84,344,69,362,84,362,
85,344,100,344,85,362,100,362,
101,344,116,344,101,362,116,362,
117,344,132,344,117,362,132,362,
133,344,148,344,133,362,148,362,
142,345,157,345,142,361,157,361,
158,345,173,345,158,361,173,361,
169,346,184,346,169,361,184,361,
194,345,209,345,194,360,209,360,
208,349,223,349,208,361,223,361,
224,350,239,350,224,361,239,361,
242,348,257,348,242,361,257,361,
258,348,273,348,258,361,273,361,
275,348,290,348,275,364,290,364,
291,348,306,348,291,364,306,364,
303,349,318,349,303,363,318,363,
319,349,334,349,319,363,334,363,
335,349,350,349,335,363,350,363,
342,349,357,349,342,362,357,362,
358,349,373,349,358,362,373,362,
368,347,383,347,368,364,383,364,
384,347,399,347,384,364,399,364,
400,347,415,347,400,364,415,364,
44,363,59,363,44,380,59,380,
60,363,75,363,60,380,75,380,
83,366,98,366,83,383,98,383,
99,366,114,366,99,383,114,383,
115,366,130,366,115,383,130,383,
131,366,146,366,131,383,146,383,
147,366,162,366,147,383,162,383,
163,366,178,366,163,383,178,383,
179,366,194,366,179,383,194,383,
197,364,212,364,197,380,212,380,
213,364,228,364,213,380,228,380,
233,364,248,364,233,380,248,380,
254,364,269,364,254,384,269,384,
270,364,285,364,270,384,285,384,
286,364,301,364,286,384,301,384,
302,364,317,364,302,384,317,384,
320,364,335,364,320,382,335,382,
336,364,351,364,336,382,351,382,
38,382,53,382,38,401,53,401,
54,382,69,382,54,401,69,401,
70,382,85,382,70,401,85,401,
86,382,101,382,86,401,101,401,
102,382,117,382,102,401,117,401,
115,384,130,384,115,399,130,399,
131,384,146,384,131,399,146,399,
147,383,162,383,147,399,162,399,
163,383,178,383,163,399,178,399,
179,383,194,383,179,399,194,399,
194,383,209,383,194,398,209,398,
210,383,225,383,210,398,225,398,
225,382,240,382,225,399,240,399,
241,382,256,382,241,399,256,399,
261,384,276,384,261,399,276,399,
277,384,292,384,277,399,292,399,
293,384,308,384,293,399,308,399,
37,402,52,402,37,417,52,417,
53,402,68,402,53,417,68,417,
69,402,84,402,69,417,84,417,
85,402,100,402,85,417,100,417,
101,402,116,402,101,417,116,417,
39,438,54,438,39,453,54,453,
55,438,70,438,55,453,70,453,
71,438,86,438,71,453,86,453,
80,438,95,438,80,452,95,452,
96,438,111,438,96,452,111,452,
112,438,127,438,112,452,127,452,
128,438,143,438,128,452,143,452,
144,438,159,438,144,452,159,452,
153,436,168,436,153,453,168,453,
169,436,184,436,169,453,184,453,
185,436,200,436,185,453,200,453,
193,438,208,438,193,453,208,453,
209,438,224,438,209,453,224,453,
225,438,240,438,225,453,240,453,
46,457,61,457,46,473,61,473,
62,457,77,457,62,473,77,473,
78,457,93,457,78,473,93,473,
93,456,108,456,93,471,108,471,
109,456,124,456,109,471,124,471,
125,456,140,456,125,471,140,471,
134,455,149,455,134,471,149,471,
150,455,165,455,150,471,165,471,
161,458,176,458,161,471,176,471,
177,458,192,458,177,471,192,471,
189,455,204,455,189,472,204,472,
205,455,220,455,205,472,220,472,
221,455,236,455,221,472,236,472,
43,475,58,475,43,491,58,491,
59,475,74,475,59,491,74,491,
75,475,90,475,75,491,90,491,
87,474,102,474,87,488,102,488,
103,474,118,474,103,488,118,488,
119,474,134,474,119,488,134,488,
132,475,147,475,132,489,147,489,
144,473,159,473,144,488,159,488,
160,473,175,473,160,488,175,488,
167,473,182,473,167,488,182,488,
183,473,198,473,183,488,198,488,
41,496,56,496,41,507,56,507,
57,496,72,496,57,507,72,507,
70,493,85,493,70,506,85,506,
86,493,101,493,86,506,101,506,
105,494,120,494,105,507,120,507,
117,494,132,494,117,505,132,505,
133,494,148,494,133,505,148,505,
145,490,160,490,145,505,160,505,
161,490,176,490,161,505,176,505,
174,491,189,491,174,504,189,504,
190,491,205,491,190,504,205,504,
43,509,58,509,43,525,58,525,
59,509,74,509,59,525,74,525,
75,509,90,509,75,525,90,525,
91,509,106,509,91,525,106,525,
107,509,122,509,107,525,122,525,
115,511,130,511,115,523,130,523,
131,511,146,511,131,523,146,523,
145,509,160,509,145,523,160,523,
161,509,176,509,161,523,176,523,
180,506,195,506,180,523,195,523,
196,506,211,506,196,523,211,523,
45,526,60,526,45,541,60,541,
61,526,76,526,61,541,76,541,
76,526,91,526,76,540,91,540,
90,528,105,528,90,541,105,541,
106,528,121,528,106,541,121,541,
122,528,137,528,122,541,137,541,
132,526,147,526,132,542,147,542,
148,526,163,526,148,542,163,542,
164,526,179,526,164,542,179,542,
180,526,195,526,180,542,195,542,
355,403,370,403,355,420,370,420,
371,403,386,403,371,420,386,420,
387,403,402,403,387,420,402,420,
403,403,418,403,403,420,418,420,
419,403,434,403,419,420,434,420,
364,420,379,420,364,436,379,436,
380,420,395,420,380,436,395,436,
396,420,411,420,396,436,411,436,
412,420,427,420,412,436,427,436,
291,444,306,444,291,456,306,456,
301,445,316,445,301,456,316,456,
317,445,332,445,317,456,332,456,
333,445,348,445,333,456,348,456,
341,446,356,446,341,456,356,456,
357,446,372,446,357,456,372,456,
372,446,387,446,372,455,387,455,
390,444,405,444,390,456,405,456,
406,444,421,444,406,456,421,456,
416,443,431,443,416,455,431,455,
432,443,447,443,432,455,447,455,
440,443,455,443,440,455,455,455,
449,443,464,443,449,456,464,456,
465,443,480,443,465,456,480,456,
481,443,496,443,481,456,496,456,
310,457,325,457,310,470,325,470,
326,457,341,457,326,470,341,470,
332,458,347,458,332,469,347,469,
348,458,363,458,348,469,363,469,
354,458,369,458,354,470,369,470,
370,458,385,458,370,470,385,470,
386,458,401,458,386,470,401,470,
395,457,410,457,395,469,410,469,
406,456,421,456,406,468,421,468,
422,456,437,456,422,468,437,468,
429,457,444,457,429,469,444,469,
445,457,460,457,445,469,460,469,
461,457,476,457,461,469,476,469,
327,470,342,470,327,482,342,482,
342,470,357,470,342,482,357,482,
358,470,373,470,358,482,373,482,
372,468,387,468,372,481,387,481,
388,468,403,468,388,481,403,481,
403,469,418,469,403,479,418,479,
419,469,434,469,419,479,434,479,
431,469,446,469,431,481,446,481,
447,469,462,469,447,481,462,481,
278,492,293,492,278,505,293,505,
292,492,307,492,292,505,307,505,
308,492,323,492,308,505,323,505,
318,493,333,493,318,504,333,504,
334,493,349,493,334,504,349,504,
339,490,354,490,339,504,354,504,
355,490,370,490,355,504,370,504,
371,490,386,490,371,504,386,504,
387,490,402,490,387,504,402,504,
401,490,416,490,401,502,416,502,
417,490,432,490,417,502,432,502,
433,490,448,490,433,502,448,502,
448,491,463,491,448,502,463,502,
459,490,474,490,459,502,474,502,
475,490,490,490,475,502,490,502,
491,490,506,490,491,502,506,502,
262,516,277,516,262,527,277,527,
278,516,293,516,278,527,293,527,
283,516,298,516,283,526,298,526,
299,516,314,516,299,526,314,526,
315,516,330,516,315,526,330,526,
325,514,340,514,325,526,340,526,
341,516,356,516,341,525,356,525,
357,514,372,514,357,524,372,524,
367,514,382,514,367,525,382,525,
383,514,398,514,383,525,398,525,
396,513,411,513,396,524,411,524,
412,511,427,511,412,523,427,523,
426,513,441,513,426,523,441,523,
442,513,457,513,442,523,457,523,
458,513,473,513,458,523,473,523,
474,513,489,513,474,523,489,523,
485,511,500,511,485,522,500,522,
501,511,516,511,501,522,516,522,
244,527,259,527,244,540,259,540,
260,527,275,527,260,540,275,540,
276,527,291,527,276,540,291,540,
292,527,307,527,292,540,307,540,
308,527,323,527,308,538,323,538,
324,528,339,528,324,537,339,537,
340,528,355,528,340,537,355,537,
355,526,370,526,355,536,370,536,
371,526,386,526,371,536,386,536,
388,527,403,527,388,536,403,536,
403,525,418,525,403,538,418,538,
419,525,434,525,419,538,434,538,
435,525,450,525,435,538,450,538,
449,525,464,525,449,536,464,536,
464,525,479,525,464,536,479,536,
480,525,495,525,480,536,495,536,
496,525,511,525,496,536,511,536,
512,525,527,525,512,536,527,536,
258,540,273,540,258,550,273,550,
274,540,289,540,274,550,289,550,
290,540,305,540,290,550,305,550,
301,539,316,539,301,548,316,548,
314,538,329,538,314,549,329,549,
330,538,345,538,330,549,345,549,
343,538,358,538,343,549,358,549,
359,538,374,538,359,549,374,549,
375,538,390,538,375,549,390,549,
392,538,407,538,392,546,407,546,
409,537,424,537,409,548,424,548,
420,537,435,537,420,547,435,547,
436,537,451,537,436,547,451,547,
452,537,467,537,452,547,467,547,
465,536,480,536,465,547,480,547,
481,536,496,536,481,547,496,547,
497,536,512,536,497,547,512,547,
357,555,372,555,357,568,372,568,
373,555,388,555,373,568,388,568,
389,555,404,555,389,568,404,568,
405,555,420,555,405,568,420,568,
290,578,305,578,290,590,305,590,
306,578,321,578,306,590,321,590,
322,578,337,578,322,590,337,590,
338,578,353,578,338,590,353,590,
351,577,366,577,351,587,366,587,
366,577,381,577,366,588,381,588,
381,576,396,576,381,587,396,587,
397,576,412,576,397,587,412,587,
407,578,422,578,407,587,422,587,
423,578,438,578,423,587,438,587,
434,576,449,576,434,587,449,587,
450,576,465,576,450,587,465,587,
466,576,481,576,466,587,481,587,
279,589,294,589,279,600,294,600,
297,590,312,590,297,599,312,599,
313,590,328,590,313,599,328,599,
330,588,345,588,330,598,345,598,
346,588,361,588,346,598,361,598,
362,588,377,588,362,598,377,598,
378,588,393,588,378,598,393,598,
395,586,410,586,395,597,410,597,
411,586,426,586,411,597,426,597,
426,588,441,588,426,597,441,597,
443,588,458,588,443,597,458,597,
459,588,474,588,459,597,474,597,
477,588,492,588,477,597,492,597,
283,600,298,600,283,610,298,610,
299,600,314,600,299,610,314,610,
311,599,326,599,311,608,326,608,
327,599,342,599,327,608,342,608,
343,599,358,599,343,608,358,608,
351,598,366,598,351,609,366,609,
367,598,382,598,367,609,382,609,
379,597,394,597,379,609,394,609,
395,597,410,597,395,609,410,609,
411,597,426,597,411,609,426,609,
427,597,442,597,427,609,442,609,
443,597,458,597,443,609,458,609,
459,597,474,597,459,609,474,609,
475,597,490,597,475,609,490,609,
284,617,299,617,284,629,299,629,
300,617,315,617,300,629,315,629,
316,617,331,617,316,629,331,629,
326,617,341,617,326,627,341,627,
342,617,357,617,342,627,357,627,
352,619,367,619,352,626,367,626,
368,618,383,618,368,626,383,626,
385,617,400,617,385,627,400,627,
401,617,416,617,401,627,416,627,
418,617,433,617,418,626,433,626,
434,617,449,617,434,626,449,626,
450,617,465,617,450,626,465,626,
466,617,481,617,466,626,481,626,
283,629,298,629,283,638,298,638,
299,629,314,629,299,638,314,638,
315,629,330,629,315,638,330,638,
331,629,346,629,331,638,346,638,
342,626,357,626,342,638,357,638,
358,626,373,626,358,638,373,638,
374,626,389,626,374,638,389,638,
390,626,405,626,390,638,405,638,
406,626,421,626,406,638,421,638,
417,626,432,626,417,635,432,635,
433,626,448,626,433,635,448,635,
449,626,464,626,449,635,464,635,
465,626,480,626,465,635,480,635,
295,639,310,639,295,648,310,648,
308,637,323,637,308,647,323,647,
324,637,339,637,324,647,339,647,
340,637,355,637,340,647,355,647,
349,637,364,637,349,644,364,644,
365,637,380,637,365,644,380,644,
378,637,393,637,378,646,393,646,
393,637,408,637,393,647,408,647,
409,637,424,637,409,647,424,647,
425,637,440,637,425,647,440,647,
439,636,454,636,439,646,454,646,
454,636,469,636,454,646,469,646,
316,646,331,646,316,656,331,656,
332,646,347,646,332,656,347,656,
348,646,363,646,348,656,363,656,
360,645,375,645,360,657,375,657,
376,645,391,645,376,657,391,657,
385,646,400,646,385,657,400,657,
401,646,416,646,401,657,416,657,
417,646,432,646,417,657,432,657,
420,647,435,647,420,656,435,656,
436,647,451,647,436,656,451,656,
348,656,363,656,348,666,363,666,
364,656,379,656,364,666,379,666,
381,657,396,657,381,665,396,665,
397,657,412,657,397,665,412,665,
57,602,72,602,57,608,72,608,
68,602,83,602,68,609,83,609,
84,602,99,602,84,609,99,609,
65,687,80,687,65,695,80,695,
81,687,96,687,81,695,96,695,
97,687,112,687,97,695,112,695,
111,669,126,669,111,675,126,675,
127,669,142,669,127,675,142,675,
124,676,139,676,124,684,139,684,
140,676,155,676,140,684,155,684,
113,680,128,680,113,692,128,692,
129,680,144,680,129,692,144,692,
145,680,160,680,145,692,160,692,
161,680,176,680,161,692,176,692,
238,684,253,684,238,688,253,688,
254,684,269,684,254,688,269,688,
270,684,285,684,270,688,285,688,
237,676,252,676,237,682,252,682,
253,676,268,676,253,682,268,682,
269,676,284,676,269,682,284,682,
180,677,195,677,180,686,195,686,
196,677,211,677,196,686,211,686,
212,677,227,677,212,686,227,686,
198,685,213,685,198,689,213,689,
214,685,229,685,214,689,229,689,
190,669,205,669,190,676,205,676,
206,669,221,669,206,676,221,676,
222,669,237,669,222,676,237,676,
238,669,253,669,238,676,253,676,
193,663,208,663,193,669,208,669,
204,661,219,661,204,669,219,669,
220,661,235,661,220,669,235,669,
233,658,248,658,233,667,248,667,
249,658,264,658,249,667,264,667,
92,603,107,603,92,609,107,609,
108,603,123,603,108,609,123,609,
118,602,133,602,118,609,133,609,
131,602,146,602,131,608,146,608,
55,626,70,626,55,658,70,658,
71,626,86,626,71,658,86,658,
87,626,102,626,87,658,102,658,
103,626,118,626,103,658,118,658,
119,626,134,626,119,658,134,658,
55,607,70,607,55,621,70,621,
71,607,86,607,71,621,86,621,
87,607,102,607,87,621,102,621,
103,607,118,607,103,621,118,621,
119,607,134,607,119,621,134,621,
135,607,150,607,135,621,150,621,
151,607,166,607,151,621,166,621,
167,607,182,607,167,621,182,621,
183,607,198,607,183,621,198,621,
139,623,154,623,139,659,154,659,
155,623,170,623,155,659,170,659,
171,623,186,623,171,659,186,659,
187,623,202,623,187,659,202,659,
203,623,218,623,203,659,218,659,
219,623,234,623,219,659,234,659,
138,596,153,596,138,609,153,609,
154,596,169,596,154,609,169,609,
170,596,185,596,170,609,185,609,
186,596,201,596,186,609,201,609,
202,596,217,596,202,609,217,609,
218,596,233,596,218,609,233,609,
195,610,210,610,195,617,210,617,
211,610,226,610,211,617,226,617,
