405,283,420,283,405,299,420,299,
421,283,436,283,421,299,436,299,
437,283,452,283,437,299,452,299,
453,283,468,283,453,299,468,299,
469,283,484,283,469,299,484,299,
479,278,494,278,479,293,494,293,
495,278,510,278,495,293,510,293,
511,278,526,278,511,293,526,293,
381,262,396,262,381,284,396,284,
321,274,336,274,321,305,336,305,
337,274,352,274,337,305,352,305,
353,274,368,274,353,305,368,305,
369,274,384,274,369,305,384,305,
398,251,413,251,398,267,413,267,
414,251,429,251,414,267,429,267,
430,251,445,251,430,267,445,267,
446,251,461,251,446,267,461,267,
336,258,351,258,336,278,351,278,
352,258,367,258,352,278,367,278,
368,258,383,258,368,278,383,278,
452,242,467,242,452,263,467,263,
468,242,483,242,468,263,483,263,
484,242,499,242,484,263,499,263,
500,242,515,242,500,263,515,263,
516,242,531,242,516,263,531,263,
311,266,326,266,311,290,326,290,
327,266,342,266,327,290,342,290,
416,267,431,267,416,281,431,281,
432,267,447,267,432,281,447,281,
448,267,463,267,448,281,463,281,
463,268,478,268,463,276,478,276,
474,261,489,261,474,276,489,276,
490,261,505,261,490,276,505,276,
506,261,521,261,506,276,521,276,
414,302,429,302,414,315,429,315,
430,302,445,302,430,315,445,315,
446,302,461,302,446,315,461,315,
462,302,477,302,462,315,477,315,
473,297,488,297,473,310,488,310,
489,297,504,297,489,310,504,310,
505,297,520,297,505,310,520,310,
387,318,402,318,387,338,402,338,
403,318,418,318,403,338,418,338,
416,317,431,317,416,336,431,336,
432,317,447,317,432,336,447,336,
446,315,461,315,446,335,461,335,
462,315,477,315,462,335,477,335,
479,313,494,313,479,334,494,334,
495,313,510,313,495,334,510,334,
514,309,529,309,514,331,529,331,
530,309,545,309,530,331,545,331,
417,340,432,340,417,351,432,351,
433,340,448,340,433,351,448,351,
448,339,463,339,448,349,463,349,
456,338,471,338,456,349,471,349,
472,338,487,338,472,349,487,349,
488,338,503,338,488,349,503,349,
493,336,508,336,493,347,508,347,
509,336,524,336,509,347,524,347,
