209,60,224,60,209,526,224,526,
225,60,240,60,225,526,240,526,
241,60,256,60,241,526,256,526,
257,60,272,60,257,526,272,526,
273,60,288,60,273,526,288,526,
289,60,304,60,289,526,304,526,
305,60,320,60,305,526,320,526,
321,60,336,60,321,526,336,526,
337,60,352,60,337,526,352,526,
353,60,368,60,353,526,368,526,
369,60,384,60,369,526,384,526,
385,60,400,60,385,526,400,526,
208,613,223,613,208,701,223,701,
224,613,239,613,224,701,239,701,
240,613,255,613,240,701,255,701,
256,613,271,613,256,701,271,701,
272,613,287,613,272,701,287,701,
288,613,303,613,288,701,303,701,
304,613,319,613,304,701,319,701,
320,613,335,613,320,701,335,701,
336,613,351,613,336,701,351,701,
352,613,367,613,352,701,367,701,
368,613,383,613,368,701,383,701,
251,1,266,1,251,7,266,7,
267,1,282,1,267,7,282,7,
283,1,298,1,283,7,298,7,
299,1,314,1,299,7,314,7,
315,1,330,1,315,7,330,7,
331,1,346,1,331,7,346,7,
347,1,362,1,347,7,362,7,
124,315,139,315,124,524,139,524,
140,315,155,315,140,524,155,524,
156,315,171,315,156,524,171,524,
13,453,28,453,13,497,28,497,
29,453,44,453,29,497,44,497,
