240,529,255,529,240,593,255,593,
256,529,271,529,256,593,271,593,
272,529,287,529,272,593,287,593,
288,529,303,529,288,593,303,593,
304,529,319,529,304,593,319,593,
320,529,335,529,320,593,335,593,
336,529,351,529,336,593,351,593,
352,529,367,529,352,593,367,593,
368,529,383,529,368,593,383,593,
384,529,399,529,384,593,399,593,
400,529,415,529,400,593,415,593,
416,529,431,529,416,593,431,593,
432,529,447,529,432,593,447,593,
448,529,463,529,448,593,463,593,
464,529,479,529,464,593,479,593,
480,529,495,529,480,593,495,593,
496,529,511,529,496,593,511,593,
512,529,527,529,512,593,527,593,
528,529,543,529,528,593,543,593,
527,440,542,440,527,495,542,495,
543,440,558,440,543,495,558,495,
559,440,574,440,559,495,574,495,
575,440,590,440,575,495,590,495,
591,440,606,440,591,495,606,495,
607,440,622,440,607,495,622,495,
131,436,146,436,131,496,146,496,
147,436,162,436,147,496,162,496,
163,436,178,436,163,496,178,496,
179,436,194,436,179,496,194,496,
195,436,210,436,195,496,210,496,
211,436,226,436,211,496,226,496,
227,436,242,436,227,496,242,496,
243,436,258,436,243,496,258,496,
259,436,274,436,259,496,274,496,
275,436,290,436,275,496,290,496,
291,436,306,436,291,496,306,496,
307,436,322,436,307,496,322,496,
323,436,338,436,323,496,338,496,
339,436,354,436,339,496,354,496,
355,436,370,436,355,496,370,496,
371,436,386,436,371,496,386,496,
90,318,105,318,90,409,105,409,
106,318,121,318,106,409,121,409,
122,318,137,318,122,409,137,409,
138,318,153,318,138,409,153,409,
154,318,169,318,154,409,169,409,
170,318,185,318,170,409,185,409,
186,318,201,318,186,409,201,409,
202,318,217,318,202,409,217,409,
218,318,233,318,218,409,233,409,
234,318,249,318,234,409,249,409,
250,318,265,318,250,409,265,409,
266,318,281,318,266,409,281,409,
282,318,297,318,282,409,297,409,
298,318,313,318,298,409,313,409,
340,321,355,321,340,406,355,406,
356,321,371,321,356,406,371,406,
372,321,387,321,372,406,387,406,
388,321,403,321,388,406,403,406,
404,321,419,321,404,406,419,406,
420,321,435,321,420,406,435,406,
436,321,451,321,436,406,451,406,
452,321,467,321,452,406,467,406,
468,321,483,321,468,406,483,406,
500,322,515,322,500,414,515,414,
516,322,531,322,516,414,531,414,
532,322,547,322,532,414,547,414,
548,322,563,322,548,414,563,414,
564,322,579,322,564,414,579,414,
580,322,595,322,580,414,595,414,
596,322,611,322,596,414,611,414,
612,322,627,322,612,414,627,414,
628,322,643,322,628,414,643,414,
644,322,659,322,644,414,659,414,
660,322,675,322,660,414,675,414,
490,218,505,218,490,232,505,232,
297,15,312,15,297,236,312,236,
313,15,328,15,313,236,328,236,
329,15,344,15,329,236,344,236,
345,15,360,15,345,236,360,236,
361,15,376,15,361,236,376,236,
377,15,392,15,377,236,392,236,
393,15,408,15,393,236,408,236,
409,15,424,15,409,236,424,236,
425,15,440,15,425,236,440,236,
441,15,456,15,441,236,456,236,
457,15,472,15,457,236,472,236,
473,15,488,15,473,236,488,236,
