320,349,335,349,320,391,335,391,
336,349,351,349,336,391,351,391,
352,349,367,349,352,391,367,391,
368,349,383,349,368,391,383,391,
384,349,399,349,384,391,399,391,
394,352,409,352,394,384,409,384,
410,352,425,352,410,384,425,384,
422,337,437,337,422,377,437,377,
438,337,453,337,438,377,453,377,
454,337,469,337,454,377,469,377,
470,337,485,337,470,377,485,377,
486,337,501,337,486,377,501,377,
241,253,256,253,241,389,256,389,
257,253,272,253,257,389,272,389,
273,253,288,253,273,389,288,389,
289,253,304,253,289,389,304,389,
305,253,320,253,305,389,320,389,
321,253,336,253,321,389,336,389,
337,253,352,253,337,389,352,389,
353,253,368,253,353,389,368,389,
369,253,384,253,369,389,384,389,
385,253,400,253,385,389,400,389,
401,253,416,253,401,389,416,389,
417,253,432,253,417,389,432,389,
433,253,448,253,433,389,448,389,
449,253,464,253,449,389,464,389,
465,253,480,253,465,389,480,389,
481,253,496,253,481,389,496,389,
497,253,512,253,497,389,512,389,
513,253,528,253,513,389,528,389,
529,253,544,253,529,389,544,389,
545,253,560,253,545,389,560,389,
561,253,576,253,561,389,576,389,
577,253,592,253,577,389,592,389,
