311,336,326,336,311,383,326,383,
327,336,342,336,327,383,342,383,
343,336,358,336,343,383,358,383,
359,336,374,336,359,383,374,383,
450,318,465,318,450,380,465,380,
466,318,481,318,466,380,481,380,
482,318,497,318,482,380,497,380,
498,318,513,318,498,380,513,380,
514,318,529,318,514,380,529,380,
530,318,545,318,530,380,545,380,
546,318,561,318,546,380,561,380,
562,318,577,318,562,380,577,380,
379,418,394,418,379,459,394,459,
395,418,410,418,395,459,410,459,
411,418,426,418,411,459,426,459,
427,418,442,418,427,459,442,459,
452,415,467,415,452,454,467,454,
468,415,483,415,468,454,483,454,
484,415,499,415,484,454,499,454,
500,415,515,415,500,454,515,454,
516,415,531,415,516,454,531,454,
532,415,547,415,532,454,547,454,
548,415,563,415,548,454,563,454,
564,415,579,415,564,454,579,454,
580,415,595,415,580,454,595,454,
610,409,625,409,610,449,625,449,
626,409,641,409,626,449,641,449,
642,409,657,409,642,449,657,449,
658,409,673,409,658,449,673,449,
