154,249,169,249,154,318,169,318,
170,249,185,249,170,318,185,318,
186,249,201,249,186,318,201,318,
202,249,217,249,202,318,217,318,
218,249,233,249,218,318,233,318,
234,249,249,249,234,318,249,318,
250,249,265,249,250,318,265,318,
266,249,281,249,266,318,281,318,
282,249,297,249,282,318,297,318,
298,249,313,249,298,318,313,318,
314,249,329,249,314,318,329,318,
330,249,345,249,330,318,345,318,
346,249,361,249,346,318,361,318,
394,244,409,244,394,336,409,336,
410,244,425,244,410,336,425,336,
426,244,441,244,426,336,441,336,
442,244,457,244,442,336,457,336,
458,244,473,244,458,336,473,336,
474,244,489,244,474,336,489,336,
490,244,505,244,490,336,505,336,
506,244,521,244,506,336,521,336,
522,244,537,244,522,336,537,336,
538,244,553,244,538,336,553,336,
554,244,569,244,554,336,569,336,
570,244,585,244,570,336,585,336,
586,244,601,244,586,336,601,336,
602,244,617,244,602,336,617,336,
618,244,633,244,618,336,633,336,
634,244,649,244,634,336,649,336,
