254,320,269,320,254,444,269,444,
270,320,285,320,270,444,285,444,
286,320,301,320,286,444,301,444,
302,320,317,320,302,444,317,444,
318,320,333,320,318,444,333,444,
334,320,349,320,334,444,349,444,
350,320,365,320,350,444,365,444,
366,320,381,320,366,444,381,444,
382,320,397,320,382,444,397,444,
398,320,413,320,398,444,413,444,
414,320,429,320,414,444,429,444,
430,320,445,320,430,444,445,444,
446,320,461,320,446,444,461,444,
462,320,477,320,462,444,477,444,
478,320,493,320,478,444,493,444,
494,320,509,320,494,444,509,444,
510,320,525,320,510,444,525,444,
542,317,557,317,542,438,557,438,
558,317,573,317,558,438,573,438,
574,317,589,317,574,438,589,438,
590,317,605,317,590,438,605,438,
606,317,621,317,606,438,621,438,
622,317,637,317,622,438,637,438,
638,317,653,317,638,438,653,438,
654,317,669,317,654,438,669,438,
670,317,685,317,670,438,685,438,
686,317,701,317,686,438,701,438,
702,317,717,317,702,438,717,438,
718,317,733,317,718,438,733,438,
734,317,749,317,734,438,749,438,
750,317,765,317,750,438,765,438,
766,317,781,317,766,438,781,438,
122,421,137,421,122,428,137,428,
138,421,153,421,138,428,153,428,
145,420,160,420,145,427,160,427,
161,420,176,420,161,427,176,427,
