5,194,20,194,5,249,20,249,
21,194,36,194,21,249,36,249,
37,194,52,194,37,249,52,249,
53,194,68,194,53,249,68,249,
69,194,84,194,69,249,84,249,
85,194,100,194,85,249,100,249,
101,194,116,194,101,249,116,249,
117,194,132,194,117,249,132,249,
133,194,148,194,133,249,148,249,
149,194,164,194,149,249,164,249,
165,194,180,194,165,249,180,249,
181,194,196,194,181,249,196,249,
197,194,212,194,197,249,212,249,
213,194,228,194,213,249,228,249,
229,194,244,194,229,249,244,249,
245,194,260,194,245,249,260,249,
261,194,276,194,261,249,276,249,
277,194,292,194,277,249,292,249,
293,194,308,194,293,249,308,249,
309,194,324,194,309,249,324,249,
325,194,340,194,325,249,340,249,
341,194,356,194,341,249,356,249,
357,194,372,194,357,249,372,249,
373,194,388,194,373,249,388,249,
389,194,404,194,389,249,404,249,
1,254,16,254,1,285,16,285,
17,254,32,254,17,285,32,285,
33,254,48,254,33,285,48,285,
49,254,64,254,49,285,64,285,
65,254,80,254,65,285,80,285,
81,254,96,254,81,285,96,285,
97,254,112,254,97,285,112,285,
113,254,128,254,113,285,128,285,
129,254,144,254,129,285,144,285,
145,254,160,254,145,285,160,285,
161,254,176,254,161,285,176,285,
182,253,197,253,182,284,197,284,
198,253,213,253,198,284,213,284,
214,253,229,253,214,284,229,284,
230,253,245,253,230,284,245,284,
246,253,261,253,246,284,261,284,
262,253,277,253,262,284,277,284,
278,253,293,253,278,284,293,284,
294,254,309,254,294,282,309,282,
310,254,325,254,310,282,325,282,
326,254,341,254,326,282,341,282,
342,254,357,254,342,282,357,282,
358,254,373,254,358,282,373,282,
374,254,389,254,374,282,389,282,
390,254,405,254,390,282,405,282,
175,284,190,284,175,316,190,316,
191,284,206,284,191,316,206,316,
207,284,222,284,207,316,222,316,
223,284,238,284,223,316,238,316,
239,284,254,284,239,316,254,316,
255,284,270,284,255,316,270,316,
271,284,286,284,271,316,286,316,
287,284,302,284,287,316,302,316,
303,284,318,284,303,316,318,316,
319,284,334,284,319,316,334,316,
335,284,350,284,335,316,350,316,
351,284,366,284,351,316,366,316,
367,284,382,284,367,316,382,316,
383,284,398,284,383,316,398,316,
162,313,177,313,162,344,177,344,
178,313,193,313,178,344,193,344,
194,313,209,313,194,344,209,344,
210,313,225,313,210,344,225,344,
226,313,241,313,226,344,241,344,
242,313,257,313,242,344,257,344,
258,313,273,313,258,344,273,344,
274,313,289,313,274,344,289,344,
290,313,305,313,290,344,305,344,
306,313,321,313,306,344,321,344,
322,313,337,313,322,344,337,344,
338,313,353,313,338,344,353,344,
354,313,369,313,354,344,369,344,
370,313,385,313,370,344,385,344,
386,313,401,313,386,344,401,344,
48,372,63,372,48,425,63,425,
64,372,79,372,64,425,79,425,
80,372,95,372,80,425,95,425,
96,372,111,372,96,425,111,425,
112,372,127,372,112,425,127,425,
128,372,143,372,128,425,143,425,
144,372,159,372,144,425,159,425,
160,372,175,372,160,425,175,425,
176,372,191,372,176,425,191,425,
192,372,207,372,192,425,207,425,
208,372,223,372,208,425,223,425,
224,372,239,372,224,425,239,425,
240,372,255,372,240,425,255,425,
256,372,271,372,256,425,271,425,
272,372,287,372,272,425,287,425,
288,372,303,372,288,425,303,425,
304,372,319,372,304,425,319,425,
320,372,335,372,320,425,335,425,
336,372,351,372,336,425,351,425,
352,372,367,372,352,425,367,425,
368,372,383,372,368,425,383,425,
384,372,399,372,384,425,399,425,
28,426,43,426,28,450,43,450,
44,426,59,426,44,450,59,450,
60,426,75,426,60,450,75,450,
76,426,91,426,76,450,91,450,
92,426,107,426,92,450,107,450,
108,426,123,426,108,450,123,450,
124,426,139,426,124,450,139,450,
140,426,155,426,140,450,155,450,
162,427,177,427,162,450,177,450,
178,427,193,427,178,450,193,450,
194,427,209,427,194,450,209,450,
210,427,225,427,210,450,225,450,
226,427,241,427,226,450,241,450,
246,428,261,428,246,452,261,452,
262,428,277,428,262,452,277,452,
278,428,293,428,278,452,293,452,
294,428,309,428,294,452,309,452,
314,427,329,427,314,452,329,452,
330,427,345,427,330,452,345,452,
346,427,361,427,346,452,361,452,
362,427,377,427,362,452,377,452,
378,427,393,427,378,452,393,452,
222,461,237,461,222,492,237,492,
238,461,253,461,238,492,253,492,
254,461,269,461,254,492,269,492,
270,461,285,461,270,492,285,492,
286,461,301,461,286,492,301,492,
302,461,317,461,302,492,317,492,
318,461,333,461,318,492,333,492,
334,461,349,461,334,492,349,492,
350,461,365,461,350,492,365,492,
366,461,381,461,366,492,381,492,
382,461,397,461,382,492,397,492,
141,498,156,498,141,526,156,526,
157,498,172,498,157,526,172,526,
173,498,188,498,173,526,188,526,
189,498,204,498,189,526,204,526,
205,498,220,498,205,526,220,526,
221,498,236,498,221,526,236,526,
237,498,252,498,237,526,252,526,
253,498,268,498,253,526,268,526,
269,498,284,498,269,526,284,526,
285,498,300,498,285,526,300,526,
301,498,316,498,301,526,316,526,
317,498,332,498,317,526,332,526,
333,498,348,498,333,526,348,526,
349,498,364,498,349,526,364,526,
365,498,380,498,365,526,380,526,
381,498,396,498,381,526,396,526,
28,572,43,572,28,628,43,628,
44,572,59,572,44,628,59,628,
60,572,75,572,60,628,75,628,
76,572,91,572,76,628,91,628,
92,572,107,572,92,628,107,628,
108,572,123,572,108,628,123,628,
124,572,139,572,124,628,139,628,
140,572,155,572,140,628,155,628,
156,572,171,572,156,628,171,628,
172,572,187,572,172,628,187,628,
188,572,203,572,188,628,203,628,
204,572,219,572,204,628,219,628,
220,572,235,572,220,628,235,628,
236,572,251,572,236,628,251,628,
252,572,267,572,252,628,267,628,
268,572,283,572,268,628,283,628,
284,572,299,572,284,628,299,628,
300,572,315,572,300,628,315,628,
316,572,331,572,316,628,331,628,
332,572,347,572,332,628,347,628,
348,572,363,572,348,628,363,628,
364,572,379,572,364,628,379,628,
380,572,395,572,380,628,395,628,
1,627,16,627,1,655,16,655,
17,627,32,627,17,655,32,655,
33,627,48,627,33,655,48,655,
49,627,64,627,49,655,64,655,
65,627,80,627,65,655,80,655,
81,627,96,627,81,655,96,655,
97,627,112,627,97,655,112,655,
113,627,128,627,113,655,128,655,
122,631,137,631,122,655,137,655,
138,631,153,631,138,655,153,655,
154,631,169,631,154,655,169,655,
170,631,185,631,170,655,185,655,
186,631,201,631,186,655,201,655,
202,631,217,631,202,655,217,655,
218,631,233,631,218,655,233,655,
234,631,249,631,234,655,249,655,
247,630,262,630,247,654,262,654,
263,630,278,630,263,654,278,654,
279,630,294,630,279,654,294,654,
295,630,310,630,295,654,310,654,
314,629,329,629,314,653,329,653,
330,629,345,629,330,653,345,653,
346,629,361,629,346,653,361,653,
362,629,377,629,362,653,377,653,
378,629,393,629,378,653,393,653,
186,663,201,663,186,694,201,694,
202,663,217,663,202,694,217,694,
218,663,233,663,218,694,233,694,
234,663,249,663,234,694,249,694,
250,663,265,663,250,694,265,694,
266,663,281,663,266,694,281,694,
282,663,297,663,282,694,297,694,
298,663,313,663,298,694,313,694,
314,663,329,663,314,694,329,694,
330,663,345,663,330,694,345,694,
346,663,361,663,346,694,361,694,
362,663,377,663,362,694,377,694,
378,663,393,663,378,694,393,694,
136,698,151,698,136,726,151,726,
152,698,167,698,152,726,167,726,
168,698,183,698,168,726,183,726,
184,698,199,698,184,726,199,726,
200,698,215,698,200,726,215,726,
216,698,231,698,216,726,231,726,
232,698,247,698,232,726,247,726,
248,698,263,698,248,726,263,726,
264,698,279,698,264,726,279,726,
280,698,295,698,280,726,295,726,
296,698,311,698,296,726,311,726,
312,698,327,698,312,726,327,726,
328,698,343,698,328,726,343,726,
344,698,359,698,344,726,359,726,
360,698,375,698,360,726,375,726,
376,698,391,698,376,726,391,726,
