176,33,191,33,176,180,191,180,
192,33,207,33,192,180,207,180,
208,33,223,33,208,180,223,180,
224,33,239,33,224,180,239,180,
240,33,255,33,240,180,255,180,
256,33,271,33,256,180,271,180,
272,33,287,33,272,180,287,180,
288,33,303,33,288,180,303,180,
304,33,319,33,304,180,319,180,
320,33,335,33,320,180,335,180,
336,33,351,33,336,180,351,180,
352,33,367,33,352,180,367,180,
210,193,225,193,210,789,225,789,
226,193,241,193,226,789,241,789,
242,193,257,193,242,789,257,789,
258,193,273,193,258,789,273,789,
274,193,289,193,274,789,289,789,
290,193,305,193,290,789,305,789,
306,193,321,193,306,789,321,789,
322,193,337,193,322,789,337,789,
338,193,353,193,338,789,353,789,
442,326,457,326,442,364,457,364,
458,326,473,326,458,364,473,364,
442,365,457,365,442,411,457,411,
458,365,473,365,458,411,473,411,
474,365,489,365,474,411,489,411,
409,493,424,493,409,509,424,509,
425,493,440,493,425,509,440,509,
441,493,456,493,441,509,456,509,
457,493,472,493,457,509,472,509,
392,495,407,495,392,505,407,505,
391,509,406,509,391,520,406,520,
411,509,426,509,411,522,426,522,
427,509,442,509,427,522,442,522,
443,509,458,509,443,522,458,522,
9,277,24,277,9,283,24,283,
37,257,52,257,37,298,52,298,
32,260,47,260,32,270,47,270,
33,269,48,269,33,285,48,285,
34,284,49,284,34,295,49,295,
38,306,53,306,38,312,53,312,
1,227,16,227,1,236,16,236,
2,227,17,227,2,236,17,236,
9,228,24,228,9,236,24,236,
21,228,36,228,21,236,36,236,
84,267,99,267,84,296,99,296,
88,267,103,267,88,297,103,297,
92,268,107,268,92,272,107,272,
93,271,108,271,93,296,108,296,
125,345,140,345,125,356,140,356,
141,345,156,345,141,356,156,356,
157,345,172,345,157,356,172,356,
126,360,141,360,126,368,141,368,
142,360,157,360,142,368,157,368,
129,370,144,370,129,380,144,380,
139,371,154,371,139,382,154,382,
155,371,170,371,155,382,170,382,
137,380,152,380,137,389,152,389,
153,380,168,380,153,389,168,389,
119,388,134,388,119,398,134,398,
135,388,150,388,135,398,150,398,
151,388,166,388,151,398,166,398,
119,397,134,397,119,406,134,406,
135,397,150,397,135,406,150,406,
151,397,166,397,151,406,166,406,
116,404,131,404,116,413,131,413,
124,405,139,405,124,414,139,414,
140,405,155,405,140,414,155,414,
131,413,146,413,131,421,146,421,
147,413,162,413,147,421,162,421,
115,417,130,417,115,425,130,425,
131,417,146,417,131,425,146,425,
129,424,144,424,129,434,144,434,
145,424,160,424,145,434,160,434,
401,317,416,317,401,325,416,325,
401,324,416,324,401,349,416,349,
401,352,416,352,401,363,416,363,
403,387,418,387,403,406,418,406,
402,406,417,406,402,417,417,417,
398,382,413,382,398,418,413,418,
391,633,406,633,391,700,406,700,
407,633,422,633,407,700,422,700,
386,708,401,708,386,719,401,719,
400,703,415,703,400,718,415,718,
416,703,431,703,416,718,431,718,
432,703,447,703,432,718,447,718,
448,703,463,703,448,718,463,718,
420,668,435,668,420,697,435,697,
436,668,451,668,436,697,451,697,
452,668,467,668,452,697,467,697,
468,668,483,668,468,697,483,697,
444,630,459,630,444,643,459,643,
460,630,475,630,460,643,475,643,
441,639,456,639,441,650,456,650,
457,639,472,639,457,650,472,650,
441,645,456,645,441,656,456,656,
457,645,472,645,457,656,472,656,
385,725,400,725,385,736,400,736,
400,725,415,725,400,733,415,733,
408,721,423,721,408,735,423,735,
424,721,439,721,424,735,439,735,
440,721,455,721,440,735,455,735,
457,713,472,713,457,719,472,719,
466,713,481,713,466,723,481,723,
456,719,471,719,456,724,471,724,
452,722,467,722,452,728,467,728,
468,722,483,722,468,728,483,728,
456,728,471,728,456,732,471,732,
466,726,481,726,466,731,481,731,
438,760,453,760,438,774,453,774,
454,760,469,760,454,774,469,774,
436,770,451,770,436,780,451,780,
452,770,467,770,452,780,467,780,
436,777,451,777,436,785,451,785,
452,777,467,777,452,785,467,785,
465,504,480,504,465,508,480,508,
465,507,480,507,465,512,480,512,
468,511,483,511,468,515,483,515,
464,514,479,514,464,518,479,518,
471,515,486,515,471,517,486,517,
471,504,486,504,471,511,486,511,
477,338,492,338,477,351,492,351,
475,349,490,349,475,359,490,359,
473,357,488,357,473,365,488,365,
480,315,495,315,480,319,495,319,
485,315,500,315,485,320,500,320,
499,325,514,325,499,334,514,334,
506,315,521,315,506,319,521,319,
503,334,518,334,503,346,518,346,
491,277,506,277,491,286,506,286,
488,278,503,278,488,285,503,285,
462,276,477,276,462,287,477,287,
528,314,543,314,528,320,543,320,
483,622,498,622,483,635,498,635,
489,624,504,624,489,636,504,636,
505,624,520,624,505,636,520,636,
513,606,528,606,513,644,528,644,
529,606,544,606,529,644,544,644,
545,606,560,606,545,644,560,644,
519,667,534,667,519,686,534,686,
525,671,540,671,525,683,540,683,
538,684,553,684,538,690,553,690,
544,685,559,685,544,692,559,692,
550,683,565,683,550,691,565,691,
554,615,569,615,554,642,569,642,
559,602,574,602,559,654,574,654,
575,602,590,602,575,654,590,654,
577,525,592,525,577,542,592,542,
575,403,590,403,575,408,590,408,
505,33,520,33,505,143,520,143,
521,33,536,33,521,143,536,143,
537,33,552,33,537,143,552,143,
553,33,568,33,553,143,568,143,
569,33,584,33,569,143,584,143,
527,706,542,706,527,746,542,746,
34,251,49,251,34,257,49,257,
437,412,452,412,437,463,452,463,
470,427,485,427,470,446,485,446,
587,330,602,330,587,347,602,347,
580,403,595,403,580,410,595,410,
