28,509,43,509,28,581,43,581,
44,509,59,509,44,581,59,581,
60,509,75,509,60,581,75,581,
76,509,91,509,76,581,91,581,
92,509,107,509,92,581,107,581,
108,509,123,509,108,581,123,581,
124,509,139,509,124,581,139,581,
140,509,155,509,140,581,155,581,
156,509,171,509,156,581,171,581,
172,509,187,509,172,581,187,581,
188,509,203,509,188,581,203,581,
204,509,219,509,204,581,219,581,
220,509,235,509,220,581,235,581,
236,509,251,509,236,581,251,581,
252,509,267,509,252,581,267,581,
268,509,283,509,268,581,283,581,
284,509,299,509,284,581,299,581,
300,509,315,509,300,581,315,581,
316,509,331,509,316,581,331,581,
332,509,347,509,332,581,347,581,
348,509,363,509,348,581,363,581,
364,509,379,509,364,581,379,581,
380,509,395,509,380,581,395,581,
396,509,411,509,396,581,411,581,
424,493,439,493,424,598,439,598,
440,493,455,493,440,598,455,598,
456,493,471,493,456,598,471,598,
472,493,487,493,472,598,487,598,
488,493,503,493,488,598,503,598,
504,493,519,493,504,598,519,598,
520,493,535,493,520,598,535,598,
536,493,551,493,536,598,551,598,
552,493,567,493,552,598,567,598,
568,493,583,493,568,598,583,598,
584,493,599,493,584,598,599,598,
600,493,615,493,600,598,615,598,
616,493,631,493,616,598,631,598,
632,493,647,493,632,598,647,598,
648,493,663,493,648,598,663,598,
664,493,679,493,664,598,679,598,
680,493,695,493,680,598,695,598,
696,493,711,493,696,598,711,598,
712,493,727,493,712,598,727,598,
728,493,743,493,728,598,743,598,
744,493,759,493,744,598,759,598,
1,509,16,509,1,562,16,562,
17,509,32,509,17,562,32,562,
