286,538,301,538,286,543,301,543,
371,536,386,536,371,543,386,543,
387,536,402,536,387,543,402,543,
103,278,118,278,103,284,118,284,
118,281,133,281,118,287,133,287,
108,281,123,281,108,286,123,286,
113,278,128,278,113,283,128,283,
1,476,16,476,1,488,16,488,
1,489,16,489,1,495,16,495,
1,546,16,546,1,554,16,554,
17,546,32,546,17,554,32,554,
542,598,557,598,542,601,557,601,
547,598,562,598,547,601,562,601,
551,598,566,598,551,601,566,601,
409,197,424,197,409,277,424,277,
425,197,440,197,425,277,440,277,
441,197,456,197,441,277,456,277,
406,416,421,416,406,422,421,422,
405,426,420,426,405,436,420,436,
436,401,451,401,436,426,451,426,
452,401,467,401,452,426,467,426,
460,401,475,401,460,424,475,424,
476,401,491,401,476,424,491,424,
492,401,507,401,492,424,507,424,
398,465,413,465,398,493,413,493,
414,465,429,465,414,493,429,493,
430,465,445,465,430,493,445,493,
446,465,461,465,446,493,461,493,
462,465,477,465,462,493,477,493,
478,465,493,465,478,493,493,493,
464,491,479,491,464,499,479,499,
409,491,424,491,409,517,424,517,
428,498,443,498,428,503,443,503,
439,490,454,490,439,515,454,515,
455,490,470,490,455,515,470,515,
415,545,430,545,415,549,430,549,
428,545,443,545,428,550,443,550,
