283,326,298,326,283,348,298,348,
299,326,314,326,299,348,314,348,
315,326,330,326,315,348,330,348,
331,326,346,326,331,348,346,348,
347,326,362,326,347,348,362,348,
363,326,378,326,363,348,378,348,
286,376,301,376,286,398,301,398,
302,376,317,376,302,398,317,398,
318,376,333,376,318,398,333,398,
334,376,349,376,334,398,349,398,
350,376,365,376,350,398,365,398,
366,376,381,376,366,398,381,398,
286,425,301,425,286,446,301,446,
302,425,317,425,302,446,317,446,
318,425,333,425,318,446,333,446,
334,425,349,425,334,446,349,446,
350,425,365,425,350,446,365,446,
366,425,381,425,366,446,381,446,
406,418,421,418,406,440,421,440,
422,418,437,418,422,440,437,440,
438,418,453,418,438,440,453,440,
454,418,469,418,454,440,469,440,
470,418,485,418,470,440,485,440,
486,418,501,418,486,440,501,440,
289,472,304,472,289,493,304,493,
305,472,320,472,305,493,320,493,
321,472,336,472,321,493,336,493,
337,472,352,472,337,493,352,493,
353,472,368,472,353,493,368,493,
369,472,384,472,369,493,384,493,
408,467,423,467,408,489,423,489,
424,467,439,467,424,489,439,489,
440,467,455,467,440,489,455,489,
456,467,471,467,456,489,471,489,
472,467,487,467,472,489,487,489,
488,467,503,467,488,489,503,489,
297,513,312,513,297,540,312,540,
313,513,328,513,313,540,328,540,
329,513,344,513,329,540,344,540,
345,513,360,513,345,540,360,540,
361,513,376,513,361,540,376,540,
377,513,392,513,377,540,392,540,
393,513,408,513,393,540,408,540,
409,513,424,513,409,540,424,540,
425,513,440,513,425,540,440,540,
441,513,456,513,441,540,456,540,
457,513,472,513,457,540,472,540,
473,513,488,513,473,540,488,540,
489,513,504,513,489,540,504,540,
440,324,455,324,440,342,455,342,
401,375,416,375,401,392,416,392,
417,375,432,375,417,392,432,392,
288,350,303,350,288,363,303,363,
304,350,319,350,304,363,319,363,
285,399,300,399,285,412,300,412,
301,399,316,399,301,412,316,412,
317,399,332,399,317,412,332,412,
333,399,348,399,333,412,348,412,
291,448,306,448,291,461,306,461,
307,448,322,448,307,461,322,461,
323,448,338,448,323,461,338,461,
289,496,304,496,289,508,304,508,
305,496,320,496,305,508,320,508,
407,443,422,443,407,455,422,455,
423,443,438,443,423,455,438,455,
443,489,458,489,443,502,458,502,
459,489,474,489,459,502,474,502,
475,489,490,489,475,502,490,502,
491,489,506,489,491,502,506,502,
351,537,366,537,351,558,366,558,
367,537,382,537,367,558,382,558,
383,537,398,537,383,558,398,558,
399,537,414,537,399,558,414,558,
415,537,430,537,415,558,430,558,
440,346,455,346,440,356,455,356,
456,346,471,346,456,356,471,356,
416,395,431,395,416,406,431,406,
432,395,447,395,432,406,447,406,
448,395,463,395,448,406,463,406,
315,349,330,349,315,361,330,361,
331,349,346,349,331,361,346,361,
342,349,357,349,342,360,357,360,
358,349,373,349,358,360,373,360,
346,398,361,398,346,410,361,410,
362,398,377,398,362,410,377,410,
335,446,350,446,335,459,350,459,
351,446,366,446,351,459,366,459,
367,446,382,446,367,459,382,459,
319,496,334,496,319,507,334,507,
335,496,350,496,335,507,350,507,
350,495,365,495,350,504,365,504,
366,495,381,495,366,504,381,504,
435,442,450,442,435,454,450,454,
451,442,466,442,451,454,466,454,
458,440,473,440,458,453,473,453,
474,440,489,440,474,453,489,453,
490,440,505,440,490,453,505,453,
406,491,421,491,406,503,421,503,
422,491,437,491,422,503,437,503,
438,491,453,491,438,503,453,503,
426,536,441,536,426,552,441,552,
442,536,457,536,442,552,457,552,
458,536,473,536,458,552,473,552,
