37,587,52,587,37,598,52,598,
10,587,25,587,10,598,25,598,
26,587,41,587,26,598,41,598,
1,590,16,590,1,597,16,597,
56,549,71,549,56,556,71,556,
72,549,87,549,72,556,87,556,
31,547,46,547,31,554,46,554,
47,547,62,547,47,554,62,554,
320,598,335,598,320,600,335,600,
336,598,351,598,336,600,351,600,
352,598,367,598,352,600,367,600,
368,598,383,598,368,600,383,600,
423,598,438,598,423,600,438,600,
439,598,454,598,439,600,454,600,
455,598,470,598,455,600,470,600,
471,598,486,598,471,600,486,600,
487,598,502,598,487,600,502,600,
503,598,518,598,503,600,518,600,
487,589,502,589,487,599,502,599,
503,589,518,589,503,599,518,599,
519,589,534,589,519,599,534,599,
535,589,550,589,535,599,550,599,
551,589,566,589,551,599,566,599,
489,548,504,548,489,574,504,574,
505,548,520,548,505,574,520,574,
521,548,536,548,521,574,536,574,
537,548,552,548,537,574,552,574,
618,556,633,556,618,563,633,563,
581,556,596,556,581,563,596,563,
709,593,724,593,709,600,724,600,
789,594,804,594,789,600,804,600,
752,582,767,582,752,592,767,592,
768,582,783,582,768,592,783,592,
784,582,799,582,784,592,799,592,
736,576,751,576,736,586,751,586,
752,576,767,576,752,586,767,586,
768,576,783,576,768,586,783,586,
716,574,731,574,716,586,731,586,
732,574,747,574,732,586,747,586,
739,565,754,565,739,574,754,574,
755,565,770,565,755,574,770,574,
715,565,730,565,715,573,730,573,
731,565,746,565,731,573,746,573,
782,518,797,518,782,531,797,531,
416,383,431,383,416,433,431,433,
432,383,447,383,432,433,447,433,
448,383,463,383,448,433,463,433,
464,383,479,383,464,433,479,433,
480,383,495,383,480,433,495,433,
496,383,511,383,496,433,511,433,
512,383,527,383,512,433,527,433,
528,383,543,383,528,433,543,433,
544,383,559,383,544,433,559,433,
560,383,575,383,560,433,575,433,
576,383,591,383,576,433,591,433,
216,363,231,363,216,420,231,420,
232,363,247,363,232,420,247,420,
248,363,263,363,248,420,263,420,
264,363,279,363,264,420,279,420,
280,363,295,363,280,420,295,420,
296,363,311,363,296,420,311,420,
312,363,327,363,312,420,327,420,
328,363,343,363,328,420,343,420,
344,363,359,363,344,420,359,420,
360,363,375,363,360,420,375,420,
376,363,391,363,376,420,391,420,
392,363,407,363,392,420,407,420,
