264,155,279,155,264,216,279,216,
280,155,295,155,280,216,295,216,
296,155,311,155,296,216,311,216,
312,155,327,155,312,216,327,216,
328,155,343,155,328,216,343,216,
190,209,205,209,190,280,205,280,
206,209,221,209,206,280,221,280,
222,209,237,209,222,280,237,280,
238,209,253,209,238,280,253,280,
254,209,269,209,254,280,269,280,
270,209,285,209,270,280,285,280,
286,209,301,209,286,280,301,280,
302,209,317,209,302,280,317,280,
318,209,333,209,318,280,333,280,
334,209,349,209,334,280,349,280,
350,209,365,209,350,280,365,280,
366,209,381,209,366,280,381,280,
382,209,397,209,382,280,397,280,
398,209,413,209,398,280,413,280,
414,209,429,209,414,280,429,280,
430,209,445,209,430,280,445,280,
219,263,234,263,219,322,234,322,
235,263,250,263,235,322,250,322,
251,263,266,263,251,322,266,322,
267,263,282,263,267,322,282,322,
283,263,298,263,283,322,298,322,
299,263,314,263,299,322,314,322,
315,263,330,263,315,322,330,322,
331,263,346,263,331,322,346,322,
347,263,362,263,347,322,362,322,
363,263,378,263,363,322,378,322,
379,263,394,263,379,322,394,322,
395,263,410,263,395,322,410,322,
266,451,281,451,266,493,281,493,
282,451,297,451,282,493,297,493,
298,451,313,451,298,493,313,493,
314,451,329,451,314,493,329,493,
330,451,345,451,330,493,345,493,
346,451,361,451,346,493,361,493,
195,490,210,490,195,547,210,547,
211,490,226,490,211,547,226,547,
227,490,242,490,227,547,242,547,
243,490,258,490,243,547,258,547,
259,490,274,490,259,547,274,547,
275,490,290,490,275,547,290,547,
291,490,306,490,291,547,306,547,
307,490,322,490,307,547,322,547,
323,490,338,490,323,547,338,547,
339,490,354,490,339,547,354,547,
355,490,370,490,355,547,370,547,
371,490,386,490,371,547,386,547,
387,490,402,490,387,547,402,547,
403,490,418,490,403,547,418,547,
419,490,434,490,419,547,434,547,
258,544,273,544,258,590,273,590,
274,544,289,544,274,590,289,590,
290,544,305,544,290,590,305,590,
306,544,321,544,306,590,321,590,
322,544,337,544,322,590,337,590,
338,544,353,544,338,590,353,590,
354,544,369,544,354,590,369,590,
