325,145,340,145,325,198,340,198,
341,145,356,145,341,198,356,198,
357,145,372,145,357,198,372,198,
373,145,388,145,373,198,388,198,
389,145,404,145,389,198,404,198,
405,145,420,145,405,198,420,198,
421,145,436,145,421,198,436,198,
437,145,452,145,437,198,452,198,
453,145,468,145,453,198,468,198,
469,145,484,145,469,198,484,198,
485,145,500,145,485,198,500,198,
501,145,516,145,501,198,516,198,
517,145,532,145,517,198,532,198,
533,145,548,145,533,198,548,198,
324,204,339,204,324,222,339,222,
340,204,355,204,340,222,355,222,
356,204,371,204,356,222,371,222,
372,204,387,204,372,222,387,222,
388,204,403,204,388,222,403,222,
404,204,419,204,404,222,419,222,
420,204,435,204,420,222,435,222,
436,204,451,204,436,222,451,222,
452,204,467,204,452,222,467,222,
468,204,483,204,468,222,483,222,
484,204,499,204,484,222,499,222,
500,204,515,204,500,222,515,222,
516,204,531,204,516,222,531,222,
532,204,547,204,532,222,547,222,
