2,2,17,2,2,209,17,209,
18,2,33,2,18,209,33,209,
34,2,49,2,34,209,49,209,
50,2,65,2,50,209,65,209,
66,2,81,2,66,209,81,209,
82,2,97,2,82,209,97,209,
98,2,113,2,98,209,113,209,
114,2,129,2,114,209,129,209,
130,2,145,2,130,209,145,209,
146,2,161,2,146,209,161,209,
162,2,177,2,162,209,177,209,
178,2,193,2,178,209,193,209,
194,2,209,2,194,209,209,209,
210,2,225,2,210,209,225,209,
226,2,241,2,226,209,241,209,
242,2,257,2,242,209,257,209,
258,2,273,2,258,209,273,209,
274,2,289,2,274,209,289,209,
290,2,305,2,290,209,305,209,
306,2,321,2,306,209,321,209,
322,2,337,2,322,209,337,209,
338,2,353,2,338,209,353,209,
354,2,369,2,354,209,369,209,
370,2,385,2,370,209,385,209,
386,2,401,2,386,209,401,209,
402,2,417,2,402,209,417,209,
418,2,433,2,418,209,433,209,
434,2,449,2,434,209,449,209,
450,2,465,2,450,209,465,209,
466,2,481,2,466,209,481,209,
482,2,497,2,482,209,497,209,
498,2,513,2,498,209,513,209,
514,2,529,2,514,209,529,209,
530,2,545,2,530,209,545,209,
546,2,561,2,546,209,561,209,
562,2,577,2,562,209,577,209,
578,2,593,2,578,209,593,209,
594,2,609,2,594,209,609,209,
610,2,625,2,610,209,625,209,
626,2,641,2,626,209,641,209,
642,2,657,2,642,209,657,209,
658,2,673,2,658,209,673,209,
674,2,689,2,674,209,689,209,
690,2,705,2,690,209,705,209,
706,2,721,2,706,209,721,209,
722,2,737,2,722,209,737,209,
738,2,753,2,738,209,753,209,
95,213,110,213,95,324,110,324,
111,213,126,213,111,324,126,324,
127,213,142,213,127,324,142,324,
143,213,158,213,143,324,158,324,
159,213,174,213,159,324,174,324,
175,213,190,213,175,324,190,324,
191,213,206,213,191,324,206,324,
207,213,222,213,207,324,222,324,
223,213,238,213,223,324,238,324,
239,213,254,213,239,324,254,324,
267,220,282,220,267,342,282,342,
283,220,298,220,283,342,298,342,
299,220,314,220,299,342,314,342,
315,220,330,220,315,342,330,342,
321,157,336,157,321,391,336,391,
337,157,352,157,337,391,352,391,
353,157,368,157,353,391,368,391,
369,157,384,157,369,391,384,391,
385,157,400,157,385,391,400,391,
401,157,416,157,401,391,416,391,
417,157,432,157,417,391,432,391,
433,157,448,157,433,391,448,391,
449,157,464,157,449,391,464,391,
465,157,480,157,465,391,480,391,
481,157,496,157,481,391,496,391,
497,157,512,157,497,391,512,391,
513,157,528,157,513,391,528,391,
529,157,544,157,529,391,544,391,
545,157,560,157,545,391,560,391,
561,157,576,157,561,391,576,391,
577,157,592,157,577,391,592,391,
593,157,608,157,593,391,608,391,
609,157,624,157,609,391,624,391,
625,157,640,157,625,391,640,391,
641,157,656,157,641,391,656,391,
657,157,672,157,657,391,672,391,
673,157,688,157,673,391,688,391,
1,204,16,204,1,316,16,316,
17,204,32,204,17,316,32,316,
33,204,48,204,33,316,48,316,
49,204,64,204,49,316,64,316,
602,194,617,194,602,235,617,235,
618,194,633,194,618,235,633,235,
634,194,649,194,634,235,649,235,
650,194,665,194,650,235,665,235,
666,194,681,194,666,235,681,235,
682,194,697,194,682,235,697,235,
698,194,713,194,698,235,713,235,
714,194,729,194,714,235,729,235,
730,194,745,194,730,235,745,235,
746,194,761,194,746,235,761,235,
39,351,54,351,39,407,54,407,
55,351,70,351,55,407,70,407,
71,351,86,351,71,407,86,407,
87,351,102,351,87,407,102,407,
103,351,118,351,103,407,118,407,
119,351,134,351,119,407,134,407,
135,351,150,351,135,407,150,407,
151,351,166,351,151,407,166,407,
167,351,182,351,167,407,182,407,
183,351,198,351,183,407,198,407,
199,351,214,351,199,407,214,407,
215,351,230,351,215,407,230,407,
