298,248,313,248,298,325,313,325,
314,248,329,248,314,325,329,325,
330,248,345,248,330,325,345,325,
346,248,361,248,346,325,361,325,
362,248,377,248,362,325,377,325,
378,248,393,248,378,325,393,325,
394,248,409,248,394,325,409,325,
410,248,425,248,410,325,425,325,
426,248,441,248,426,325,441,325,
442,248,457,248,442,325,457,325,
458,248,473,248,458,325,473,325,
288,359,303,359,288,411,303,411,
304,359,319,359,304,411,319,411,
320,359,335,359,320,411,335,411,
336,359,351,359,336,411,351,411,
352,359,367,359,352,411,367,411,
368,359,383,359,368,411,383,411,
384,359,399,359,384,411,399,411,
400,359,415,359,400,411,415,411,
424,372,439,372,424,421,439,421,
440,372,455,372,440,421,455,421,
456,372,471,372,456,421,471,421,
472,372,487,372,472,421,487,421,
259,408,274,408,259,469,274,469,
275,408,290,408,275,469,290,469,
291,408,306,408,291,469,306,469,
307,408,322,408,307,469,322,469,
323,408,338,408,323,469,338,469,
339,408,354,408,339,469,354,469,
355,408,370,408,355,469,370,469,
371,408,386,408,371,469,386,469,
387,408,402,408,387,469,402,469,
403,408,418,408,403,469,418,469,
419,408,434,408,419,469,434,469,
435,408,450,408,435,469,450,469,
451,408,466,408,451,469,466,469,
468,430,483,430,468,474,483,474,
484,430,499,430,484,474,499,474,
500,430,515,430,500,474,515,474,
217,462,232,462,217,533,232,533,
233,462,248,462,233,533,248,533,
249,462,264,462,249,533,264,533,
265,462,280,462,265,533,280,533,
281,462,296,462,281,533,296,533,
297,462,312,462,297,533,312,533,
313,462,328,462,313,533,328,533,
329,462,344,462,329,533,344,533,
345,462,360,462,345,533,360,533,
361,462,376,462,361,533,376,533,
377,462,392,462,377,533,392,533,
393,462,408,462,393,533,408,533,
409,462,424,462,409,533,424,533,
425,462,440,462,425,533,440,533,
441,462,456,462,441,533,456,533,
457,462,472,462,457,533,472,533,
473,462,488,462,473,533,488,533,
489,462,504,462,489,533,504,533,
505,462,520,462,505,533,520,533,
521,462,536,462,521,533,536,533,
537,462,552,462,537,533,552,533,
232,518,247,518,232,580,247,580,
248,518,263,518,248,580,263,580,
264,518,279,518,264,580,279,580,
280,518,295,518,280,580,295,580,
296,518,311,518,296,580,311,580,
312,518,327,518,312,580,327,580,
328,518,343,518,328,580,343,580,
344,518,359,518,344,580,359,580,
360,518,375,518,360,580,375,580,
376,518,391,518,376,580,391,580,
395,529,410,529,395,588,410,588,
411,529,426,529,411,588,426,588,
427,529,442,529,427,588,442,588,
443,529,458,529,443,588,458,588,
459,529,474,529,459,588,474,588,
475,529,490,529,475,588,490,588,
491,529,506,529,491,588,506,588,
507,529,522,529,507,588,522,588,
523,529,538,529,523,588,538,588,
565,397,580,397,565,570,580,570,
581,397,596,397,581,570,596,570,
597,397,612,397,597,570,612,570,
613,397,628,397,613,570,628,570,
629,397,644,397,629,570,644,570,
645,397,660,397,645,570,660,570,
661,397,676,397,661,570,676,570,
677,397,692,397,677,570,692,570,
693,397,708,397,693,570,708,570,
709,397,724,397,709,570,724,570,
725,397,740,397,725,570,740,570,
741,397,756,397,741,570,756,570,
757,397,772,397,757,570,772,570,
773,397,788,397,773,570,788,570,
789,397,804,397,789,570,804,570,
