255,281,270,281,255,373,270,373,
271,281,286,281,271,373,286,373,
287,281,302,281,287,373,302,373,
303,281,318,281,303,373,318,373,
319,281,334,281,319,373,334,373,
335,281,350,281,335,373,350,373,
351,281,366,281,351,373,366,373,
367,281,382,281,367,373,382,373,
383,281,398,281,383,373,398,373,
399,281,414,281,399,373,414,373,
410,276,425,276,410,373,425,373,
426,276,441,276,426,373,441,373,
442,276,457,276,442,373,457,373,
458,276,473,276,458,373,473,373,
474,276,489,276,474,373,489,373,
490,276,505,276,490,373,505,373,
506,276,521,276,506,373,521,373,
522,276,537,276,522,373,537,373,
538,276,553,276,538,373,553,373,
554,276,569,276,554,373,569,373,
570,276,585,276,570,373,585,373,
586,276,601,276,586,373,601,373,
602,276,617,276,602,373,617,373,
