328,552,343,552,328,573,343,573,
344,552,359,552,344,573,359,573,
360,552,375,552,360,573,375,573,
376,552,391,552,376,573,391,573,
392,552,407,552,392,573,407,573,
408,552,423,552,408,573,423,573,
424,552,439,552,424,573,439,573,
440,552,455,552,440,573,455,573,
328,571,343,571,328,583,343,583,
344,571,359,571,344,583,359,583,
360,571,375,571,360,583,375,583,
373,570,388,570,373,582,388,582,
389,570,404,570,389,582,404,582,
399,570,414,570,399,583,414,583,
415,570,430,570,415,583,430,583,
431,570,446,570,431,583,446,583,
445,570,460,570,445,581,460,581,
