136,143,151,143,136,221,151,221,
152,143,167,143,152,221,167,221,
168,143,183,143,168,221,183,221,
184,143,199,143,184,221,199,221,
200,143,215,143,200,221,215,221,
216,143,231,143,216,221,231,221,
232,143,247,143,232,221,247,221,
248,143,263,143,248,221,263,221,
264,143,279,143,264,221,279,221,
280,143,295,143,280,221,295,221,
296,143,311,143,296,221,311,221,
312,143,327,143,312,221,327,221,
328,143,343,143,328,221,343,221,
344,143,359,143,344,221,359,221,
360,143,375,143,360,221,375,221,
376,143,391,143,376,221,391,221,
392,143,407,143,392,221,407,221,
408,143,423,143,408,221,423,221,
424,143,439,143,424,221,439,221,
147,247,162,247,147,331,162,331,
163,247,178,247,163,331,178,331,
179,247,194,247,179,331,194,331,
195,247,210,247,195,331,210,331,
211,247,226,247,211,331,226,331,
227,247,242,247,227,331,242,331,
243,247,258,247,243,331,258,331,
259,247,274,247,259,331,274,331,
275,247,290,247,275,331,290,331,
291,247,306,247,291,331,306,331,
307,247,322,247,307,331,322,331,
323,247,338,247,323,331,338,331,
339,247,354,247,339,331,354,331,
355,247,370,247,355,331,370,331,
371,247,386,247,371,331,386,331,
387,247,402,247,387,331,402,331,
437,254,452,254,437,330,452,330,
453,254,468,254,453,330,468,330,
469,254,484,254,469,330,484,330,
485,254,500,254,485,330,500,330,
501,254,516,254,501,330,516,330,
517,254,532,254,517,330,532,330,
533,254,548,254,533,330,548,330,
549,254,564,254,549,330,564,330,
565,254,580,254,565,330,580,330,
581,254,596,254,581,330,596,330,
597,254,612,254,597,330,612,330,
613,254,628,254,613,330,628,330,
629,254,644,254,629,330,644,330,
645,254,660,254,645,330,660,330,
145,358,160,358,145,449,160,449,
161,358,176,358,161,449,176,449,
177,358,192,358,177,449,192,449,
193,358,208,358,193,449,208,449,
209,358,224,358,209,449,224,449,
225,358,240,358,225,449,240,449,
241,358,256,358,241,449,256,449,
257,358,272,358,257,449,272,449,
273,358,288,358,273,449,288,449,
289,358,304,358,289,449,304,449,
305,358,320,358,305,449,320,449,
321,358,336,358,321,449,336,449,
337,358,352,358,337,449,352,449,
353,358,368,358,353,449,368,449,
115,527,130,527,115,545,130,545,
131,527,146,527,131,545,146,545,
147,527,162,527,147,545,162,545,
163,527,178,527,163,545,178,545,
180,530,195,530,180,545,195,545,
196,530,211,530,196,545,211,545,
210,528,225,528,210,545,225,545,
226,528,241,528,226,545,241,545,
242,528,257,528,242,545,257,545,
258,528,273,528,258,545,273,545,
274,528,289,528,274,545,289,545,
215,556,230,556,215,565,230,565,
231,556,246,556,231,565,246,565,
247,556,262,556,247,565,262,565,
366,554,381,554,366,567,381,567,
382,554,397,554,382,567,397,567,
399,553,414,553,399,563,414,563,
415,553,430,553,415,563,430,563,
431,553,446,553,431,563,446,563,
314,527,329,527,314,543,329,543,
330,527,345,527,330,543,345,543,
346,527,361,527,346,543,361,543,
362,527,377,527,362,543,377,543,
378,527,393,527,378,543,393,543,
392,527,407,527,392,543,407,543,
408,527,423,527,408,543,423,543,
424,527,439,527,424,543,439,543,
436,526,451,526,436,543,451,543,
452,526,467,526,452,543,467,543,
468,526,483,526,468,543,483,543,
484,526,499,526,484,543,499,543,
145,554,160,554,145,565,160,565,
161,554,176,554,161,565,176,565,
177,554,192,554,177,565,192,565,
193,554,208,554,193,565,208,565,
559,554,574,554,559,566,574,566,
575,554,590,554,575,566,590,566,
590,555,605,555,590,565,605,565,
606,555,621,555,606,565,621,565,
622,555,637,555,622,565,637,565,
626,555,641,555,626,565,641,565,
642,555,657,555,642,565,657,565,
658,555,673,555,658,565,673,565,
674,555,689,555,674,565,689,565,
577,572,592,572,577,583,592,583,
593,572,608,572,593,583,608,583,
609,572,624,572,609,583,624,583,
617,572,632,572,617,581,632,581,
633,572,648,572,633,581,648,581,
528,588,543,588,528,596,543,596,
544,588,559,588,544,596,559,596,
560,588,575,588,560,596,575,596,
576,588,591,588,576,596,591,596,
587,589,602,589,587,596,602,596,
603,589,618,589,603,596,618,596,
619,589,634,589,619,596,634,596,
635,589,650,589,635,596,650,596,
651,589,666,589,651,598,666,598,
667,589,682,589,667,598,682,598,
683,589,698,589,683,598,698,598,
526,524,541,524,526,539,541,539,
542,524,557,524,542,539,557,539,
558,524,573,524,558,539,573,539,
574,524,589,524,574,539,589,539,
592,525,607,525,592,541,607,541,
608,525,623,525,608,541,623,541,
624,525,639,525,624,541,639,541,
641,524,656,524,641,540,656,540,
657,524,672,524,657,540,672,540,
673,524,688,524,673,540,688,540,
689,524,704,524,689,540,704,540,
183,2,198,2,183,35,198,35,
199,2,214,2,199,35,214,35,
215,2,230,2,215,35,230,35,
231,2,246,2,231,35,246,35,
247,2,262,2,247,35,262,35,
271,2,286,2,271,37,286,37,
287,2,302,2,287,37,302,37,
303,2,318,2,303,37,318,37,
319,2,334,2,319,37,334,37,
335,2,350,2,335,37,350,37,
351,2,366,2,351,37,366,37,
106,594,121,594,106,600,121,600,
122,594,137,594,122,600,137,600,
138,594,153,594,138,600,153,600,
154,594,169,594,154,600,169,600,
170,594,185,594,170,600,185,600,
186,594,201,594,186,600,201,600,
202,594,217,594,202,600,217,600,
218,594,233,594,218,600,233,600,
234,594,249,594,234,600,249,600,
250,594,265,594,250,600,265,600,
266,594,281,594,266,600,281,600,
282,594,297,594,282,600,297,600,
329,590,344,590,329,599,344,599,
345,590,360,590,345,599,360,599,
361,590,376,590,361,599,376,599,
377,590,392,590,377,599,392,599,
394,591,409,591,394,599,409,599,
410,589,425,589,410,598,425,598,
428,588,443,588,428,599,443,599,
444,588,459,588,444,599,459,599,
460,588,475,588,460,599,475,599,
