239,273,254,273,239,297,254,297,
255,273,270,273,255,297,270,297,
271,273,286,273,271,297,286,297,
287,273,302,273,287,297,302,297,
303,273,318,273,303,297,318,297,
319,273,334,273,319,297,334,297,
158,370,173,370,158,381,173,381,
174,370,189,370,174,381,189,381,
190,370,205,370,190,381,205,381,
206,370,221,370,206,381,221,381,
314,367,329,367,314,378,329,378,
330,367,345,367,330,378,345,378,
346,367,361,367,346,378,361,378,
362,367,377,367,362,378,377,378,
378,367,393,367,378,378,393,378,
394,367,409,367,394,378,409,378,
229,369,244,369,229,378,244,378,
245,369,260,369,245,378,260,378,
261,369,276,369,261,378,276,378,
277,369,292,369,277,378,292,378,
293,369,308,369,293,378,308,378,
174,442,189,442,174,464,189,464,
166,448,181,448,166,470,181,470,
