319,337,334,337,319,394,334,394,
335,337,350,337,335,394,350,394,
351,337,366,337,351,394,366,394,
367,337,382,337,367,394,382,394,
383,337,398,337,383,394,398,394,
399,337,414,337,399,394,414,394,
415,337,430,337,415,394,430,394,
431,337,446,337,431,394,446,394,
447,337,462,337,447,394,462,394,
463,337,478,337,463,394,478,394,
479,337,494,337,479,394,494,394,
495,337,510,337,495,394,510,394,
511,337,526,337,511,394,526,394,
527,337,542,337,527,394,542,394,
543,337,558,337,543,394,558,394,
267,396,282,396,267,459,282,459,
283,396,298,396,283,459,298,459,
299,396,314,396,299,459,314,459,
315,396,330,396,315,459,330,459,
331,396,346,396,331,459,346,459,
347,396,362,396,347,459,362,459,
363,396,378,396,363,459,378,459,
379,396,394,396,379,459,394,459,
395,396,410,396,395,459,410,459,
411,396,426,396,411,459,426,459,
427,396,442,396,427,459,442,459,
443,396,458,396,443,459,458,459,
459,396,474,396,459,459,474,459,
475,396,490,396,475,459,490,459,
491,396,506,396,491,459,506,459,
507,396,522,396,507,459,522,459,
523,396,538,396,523,459,538,459,
539,396,554,396,539,459,554,459,
555,396,570,396,555,459,570,459,
272,474,287,474,272,532,287,532,
288,474,303,474,288,532,303,532,
304,474,319,474,304,532,319,532,
320,474,335,474,320,532,335,532,
336,474,351,474,336,532,351,532,
352,474,367,474,352,532,367,532,
368,474,383,474,368,532,383,532,
384,474,399,474,384,532,399,532,
400,474,415,474,400,532,415,532,
416,474,431,474,416,532,431,532,
432,474,447,474,432,532,447,532,
448,474,463,474,448,532,463,532,
464,474,479,474,464,532,479,532,
