659,459,674,459,659,486,674,486,
675,459,690,459,675,486,690,486,
691,459,706,459,691,486,706,486,
707,459,722,459,707,486,722,486,
417,404,432,404,417,514,432,514,
433,404,448,404,433,514,448,514,
246,402,261,402,246,438,261,438,
262,402,277,402,262,438,277,438,
278,402,293,402,278,438,293,438,
294,402,309,402,294,438,309,438,
526,409,541,409,526,429,541,429,
542,409,557,409,542,429,557,429,
558,409,573,409,558,429,573,429,
574,409,589,409,574,429,589,429,
368,404,383,404,368,514,383,514,
384,404,399,404,384,514,399,514,
385,133,400,133,385,190,400,190,
401,133,416,133,401,190,416,190,
417,133,432,133,417,190,432,190,
433,133,448,133,433,190,448,190,
449,133,464,133,449,190,464,190,
465,133,480,133,465,190,480,190,
481,133,496,133,481,190,496,190,
497,133,512,133,497,190,512,190,
513,133,528,133,513,190,528,190,
529,133,544,133,529,190,544,190,
545,133,560,133,545,190,560,190,
561,133,576,133,561,190,576,190,
577,133,592,133,577,190,592,190,
593,133,608,133,593,190,608,190,
609,133,624,133,609,190,624,190,
625,133,640,133,625,190,640,190,
641,133,656,133,641,190,656,190,
657,133,672,133,657,190,672,190,
673,133,688,133,673,190,688,190,
689,133,704,133,689,190,704,190,
705,133,720,133,705,190,720,190,
721,133,736,133,721,190,736,190,
737,133,752,133,737,190,752,190,
151,125,166,125,151,207,166,207,
167,125,182,125,167,207,182,207,
183,125,198,125,183,207,198,207,
199,125,214,125,199,207,214,207,
215,125,230,125,215,207,230,207,
231,125,246,125,231,207,246,207,
247,125,262,125,247,207,262,207,
263,125,278,125,263,207,278,207,
279,125,294,125,279,207,294,207,
295,125,310,125,295,207,310,207,
311,125,326,125,311,207,326,207,
327,125,342,125,327,207,342,207,
343,125,358,125,343,207,358,207,
359,125,374,125,359,207,374,207,
247,430,262,430,247,451,262,451,
263,430,278,430,263,451,278,451,
279,430,294,430,279,451,294,451,
295,430,310,430,295,451,310,451,
526,426,541,426,526,436,541,436,
542,426,557,426,542,436,557,436,
558,426,573,426,558,436,573,436,
574,426,589,426,574,436,589,436,
522,516,537,516,522,532,537,532,
254,524,269,524,254,552,269,552,
270,524,285,524,270,552,285,552,
286,524,301,524,286,552,301,552,
256,517,271,517,256,535,271,535,
272,517,287,517,272,535,287,535,
288,517,303,517,288,535,303,535,
