388,286,403,286,388,302,403,302,
404,286,419,286,404,302,419,302,
420,286,435,286,420,302,435,302,
436,286,451,286,436,302,451,302,
452,286,467,286,452,302,467,302,
468,286,483,286,468,302,483,302,
484,286,499,286,484,302,499,302,
500,286,515,286,500,302,515,302,
516,286,531,286,516,302,531,302,
532,286,547,286,532,302,547,302,
548,286,563,286,548,302,563,302,
131,288,146,288,131,302,146,302,
147,288,162,288,147,302,162,302,
163,288,178,288,163,302,178,302,
179,288,194,288,179,302,194,302,
195,288,210,288,195,302,210,302,
211,288,226,288,211,302,226,302,
227,288,242,288,227,302,242,302,
243,288,258,288,243,302,258,302,
259,288,274,288,259,302,274,302,
275,288,290,288,275,302,290,302,
291,288,306,288,291,302,306,302,
307,288,322,288,307,302,322,302,
103,307,118,307,103,320,118,320,
119,307,134,307,119,320,134,320,
135,307,150,307,135,320,150,320,
151,307,166,307,151,320,166,320,
167,307,182,307,167,320,182,320,
183,307,198,307,183,320,198,320,
199,307,214,307,199,320,214,320,
215,307,230,307,215,320,230,320,
231,307,246,307,231,320,246,320,
247,307,262,307,247,320,262,320,
263,307,278,307,263,320,278,320,
279,307,294,307,279,320,294,320,
295,307,310,307,295,320,310,320,
311,307,326,307,311,320,326,320,
104,325,119,325,104,339,119,339,
120,325,135,325,120,339,135,339,
136,325,151,325,136,339,151,339,
152,325,167,325,152,339,167,339,
168,325,183,325,168,339,183,339,
184,325,199,325,184,339,199,339,
200,325,215,325,200,339,215,339,
216,325,231,325,216,339,231,339,
232,325,247,325,232,339,247,339,
248,325,263,325,248,339,263,339,
264,325,279,325,264,339,279,339,
280,325,295,325,280,339,295,339,
296,325,311,325,296,339,311,339,
312,325,327,325,312,339,327,339,
104,344,119,344,104,358,119,358,
120,344,135,344,120,358,135,358,
136,344,151,344,136,358,151,358,
152,344,167,344,152,358,167,358,
168,344,183,344,168,358,183,358,
184,344,199,344,184,358,199,358,
200,344,215,344,200,358,215,358,
216,344,231,344,216,358,231,358,
232,344,247,344,232,358,247,358,
248,344,263,344,248,358,263,358,
264,344,279,344,264,358,279,358,
280,344,295,344,280,358,295,358,
296,344,311,344,296,358,311,358,
312,344,327,344,312,358,327,358,
103,363,118,363,103,376,118,376,
119,363,134,363,119,376,134,376,
135,363,150,363,135,376,150,376,
151,363,166,363,151,376,166,376,
167,363,182,363,167,376,182,376,
183,363,198,363,183,376,198,376,
199,363,214,363,199,376,214,376,
215,363,230,363,215,376,230,376,
231,363,246,363,231,376,246,376,
247,363,262,363,247,376,262,376,
263,363,278,363,263,376,278,376,
279,363,294,363,279,376,294,376,
295,363,310,363,295,376,310,376,
311,363,326,363,311,376,326,376,
105,381,120,381,105,396,120,396,
121,381,136,381,121,396,136,396,
137,381,152,381,137,396,152,396,
153,381,168,381,153,396,168,396,
169,381,184,381,169,396,184,396,
185,381,200,381,185,396,200,396,
201,381,216,381,201,396,216,396,
217,381,232,381,217,396,232,396,
233,381,248,381,233,396,248,396,
249,381,264,381,249,396,264,396,
265,381,280,381,265,396,280,396,
126,401,141,401,126,414,141,414,
142,401,157,401,142,414,157,414,
158,401,173,401,158,414,173,414,
174,401,189,401,174,414,189,414,
190,401,205,401,190,414,205,414,
206,401,221,401,206,414,221,414,
222,401,237,401,222,414,237,414,
238,401,253,401,238,414,253,414,
254,401,269,401,254,414,269,414,
407,313,422,313,407,338,422,338,
423,313,438,313,423,338,438,338,
439,313,454,313,439,338,454,338,
455,313,470,313,455,338,470,338,
471,313,486,313,471,338,486,338,
487,313,502,313,487,338,502,338,
503,313,518,313,503,338,518,338,
519,313,534,313,519,338,534,338,
535,313,550,313,535,338,550,338,
430,348,445,348,430,363,445,363,
446,348,461,348,446,363,461,363,
462,348,477,348,462,363,477,363,
478,348,493,348,478,363,493,363,
494,348,509,348,494,363,509,363,
510,348,525,348,510,363,525,363,
397,364,412,364,397,380,412,380,
413,364,428,364,413,380,428,380,
429,364,444,364,429,380,444,380,
445,364,460,364,445,380,460,380,
461,364,476,364,461,380,476,380,
477,364,492,364,477,380,492,380,
493,364,508,364,493,380,508,380,
509,364,524,364,509,380,524,380,
525,364,540,364,525,380,540,380,
541,364,556,364,541,380,556,380,
422,381,437,381,422,395,437,395,
438,381,453,381,438,395,453,395,
454,381,469,381,454,395,469,395,
470,381,485,381,470,395,485,395,
486,381,501,381,486,395,501,395,
502,381,517,381,502,395,517,395,
518,381,533,381,518,395,533,395,
414,396,429,396,414,411,429,411,
430,396,445,396,430,411,445,411,
446,396,461,396,446,411,461,411,
462,396,477,396,462,411,477,411,
478,396,493,396,478,411,493,411,
494,396,509,396,494,411,509,411,
510,396,525,396,510,411,525,411,
526,396,541,396,526,411,541,411,
