125,147,140,147,125,195,140,195,
141,147,156,147,141,195,156,195,
157,147,172,147,157,195,172,195,
173,147,188,147,173,195,188,195,
189,147,204,147,189,195,204,195,
205,147,220,147,205,195,220,195,
221,147,236,147,221,195,236,195,
131,192,146,192,131,239,146,239,
147,192,162,192,147,239,162,239,
163,192,178,192,163,239,178,239,
179,192,194,192,179,239,194,239,
195,192,210,192,195,239,210,239,
211,192,226,192,211,239,226,239,
227,192,242,192,227,239,242,239,
126,243,141,243,126,290,141,290,
142,243,157,243,142,290,157,290,
158,243,173,243,158,290,173,290,
174,243,189,243,174,290,189,290,
190,243,205,243,190,290,205,290,
206,243,221,243,206,290,221,290,
222,243,237,243,222,290,237,290,
294,175,309,175,294,271,309,271,
310,175,325,175,310,271,325,271,
326,175,341,175,326,271,341,271,
342,175,357,175,342,271,357,271,
358,175,373,175,358,271,373,271,
374,175,389,175,374,271,389,271,
390,175,405,175,390,271,405,271,
406,175,421,175,406,271,421,271,
422,175,437,175,422,271,437,271,
438,175,453,175,438,271,453,271,
454,175,469,175,454,271,469,271,
470,175,485,175,470,271,485,271,
486,175,501,175,486,271,501,271,
502,175,517,175,502,271,517,271,
