143,256,158,256,143,316,158,316,
159,256,174,256,159,316,174,316,
175,256,190,256,175,316,190,316,
191,256,206,256,191,316,206,316,
207,256,222,256,207,316,222,316,
223,256,238,256,223,316,238,316,
239,256,254,256,239,316,254,316,
255,256,270,256,255,316,270,316,
271,256,286,256,271,316,286,316,
287,256,302,256,287,316,302,316,
303,256,318,256,303,316,318,316,
319,256,334,256,319,316,334,316,
335,256,350,256,335,316,350,316,
145,318,160,318,145,345,160,345,
161,318,176,318,161,345,176,345,
177,318,192,318,177,345,192,345,
193,318,208,318,193,345,208,345,
209,318,224,318,209,345,224,345,
225,318,240,318,225,345,240,345,
241,318,256,318,241,345,256,345,
257,318,272,318,257,345,272,345,
273,318,288,318,273,345,288,345,
159,348,174,348,159,384,174,384,
175,348,190,348,175,384,190,384,
191,348,206,348,191,384,206,384,
207,348,222,348,207,384,222,384,
223,348,238,348,223,384,238,384,
239,348,254,348,239,384,254,384,
255,348,270,348,255,384,270,384,
271,348,286,348,271,384,286,384,
287,348,302,348,287,384,302,384,
303,348,318,348,303,384,318,384,
319,348,334,348,319,384,334,384,
335,348,350,348,335,384,350,384,
352,231,367,231,352,276,367,276,
368,231,383,231,368,276,383,276,
384,231,399,231,384,276,399,276,
400,231,415,231,400,276,415,276,
416,231,431,231,416,276,431,276,
432,231,447,231,432,276,447,276,
448,231,463,231,448,276,463,276,
464,231,479,231,464,276,479,276,
368,268,383,268,368,310,383,310,
384,268,399,268,384,310,399,310,
400,268,415,268,400,310,415,310,
416,268,431,268,416,310,431,310,
432,268,447,268,432,310,447,310,
448,268,463,268,448,310,463,310,
464,268,479,268,464,310,479,310,
290,313,305,313,290,339,305,339,
306,313,321,313,306,339,321,339,
322,313,337,313,322,339,337,339,
338,313,353,313,338,339,353,339,
