108,201,123,201,108,252,123,252,
124,201,139,201,124,252,139,252,
140,201,155,201,140,252,155,252,
156,201,171,201,156,252,171,252,
172,201,187,201,172,252,187,252,
188,201,203,201,188,252,203,252,
204,201,219,201,204,252,219,252,
220,201,235,201,220,252,235,252,
236,201,251,201,236,252,251,252,
252,201,267,201,252,252,267,252,
268,201,283,201,268,252,283,252,
284,201,299,201,284,252,299,252,
300,201,315,201,300,252,315,252,
316,201,331,201,316,252,331,252,
367,210,382,210,367,257,382,257,
383,210,398,210,383,257,398,257,
399,210,414,210,399,257,414,257,
446,215,461,215,446,256,461,256,
462,215,477,215,462,256,477,256,
506,218,521,218,506,260,521,260,
522,218,537,218,522,260,537,260,
538,218,553,218,538,260,553,260,
554,218,569,218,554,260,569,260,
570,218,585,218,570,260,585,260,
586,218,601,218,586,260,601,260,
602,218,617,218,602,260,617,260,
407,321,422,321,407,342,422,342,
423,321,438,321,423,342,438,342,
439,321,454,321,439,342,454,342,
455,321,470,321,455,342,470,342,
471,321,486,321,471,342,486,342,
324,309,339,309,324,340,339,340,
340,309,355,309,340,340,355,340,
356,309,371,309,356,340,371,340,
372,309,387,309,372,340,387,340,
388,309,403,309,388,340,403,340,
244,309,259,309,244,339,259,339,
260,309,275,309,260,339,275,339,
276,309,291,309,276,339,291,339,
292,309,307,309,292,339,307,339,
360,449,375,449,360,459,375,459,
419,387,434,387,419,415,434,415,
435,387,450,387,435,415,450,415,
430,415,445,415,430,440,445,440,
444,381,459,381,444,392,459,392,
460,381,475,381,460,392,475,392,
476,381,491,381,476,392,491,392,
435,384,450,384,435,443,450,443,
451,384,466,384,451,443,466,443,
467,384,482,384,467,443,482,443,
483,384,498,384,483,443,498,443,
493,389,508,389,493,424,508,424,
441,437,456,437,441,458,456,458,
457,437,472,437,457,458,472,458,
478,423,493,423,478,445,493,445,
494,423,509,423,494,445,509,445,
264,387,279,387,264,396,279,396,
280,387,295,387,280,396,295,396,
241,424,256,424,241,450,256,450,
257,424,272,424,257,450,272,450,
273,424,288,424,273,450,288,450,
289,424,304,424,289,450,304,450,
446,393,461,393,446,442,461,442,
462,393,477,393,462,442,477,442,
