7,526,22,526,7,557,22,557,
23,526,38,526,23,557,38,557,
39,526,54,526,39,557,54,557,
55,526,70,526,55,557,70,557,
71,526,86,526,71,557,86,557,
92,526,107,526,92,557,107,557,
108,526,123,526,108,557,123,557,
124,526,139,526,124,557,139,557,
140,526,155,526,140,557,155,557,
157,525,172,525,157,559,172,559,
173,525,188,525,173,559,188,559,
189,525,204,525,189,559,204,559,
205,525,220,525,205,559,220,559,
221,525,236,525,221,559,236,559,
237,525,252,525,237,559,252,559,
253,525,268,525,253,559,268,559,
6,486,21,486,6,515,21,515,
22,486,37,486,22,515,37,515,
38,486,53,486,38,515,53,515,
54,486,69,486,54,515,69,515,
70,486,85,486,70,515,85,515,
86,486,101,486,86,515,101,515,
102,486,117,486,102,515,117,515,
118,486,133,486,118,515,133,515,
134,486,149,486,134,515,149,515,
138,486,153,486,138,519,153,519,
154,486,169,486,154,519,169,519,
170,486,185,486,170,519,185,519,
186,486,201,486,186,519,201,519,
202,486,217,486,202,519,217,519,
218,486,233,486,218,519,233,519,
234,486,249,486,234,519,249,519,
250,486,265,486,250,519,265,519,
266,486,281,486,266,519,281,519,
282,485,297,485,282,519,297,519,
298,485,313,485,298,519,313,519,
314,485,329,485,314,519,329,519,
330,485,345,485,330,519,345,519,
346,485,361,485,346,519,361,519,
362,485,377,485,362,519,377,519,
378,485,393,485,378,519,393,519,
394,485,409,485,394,519,409,519,
