338,203,353,203,338,233,353,233,
354,203,369,203,354,233,369,233,
370,203,385,203,370,233,385,233,
386,203,401,203,386,233,401,233,
402,203,417,203,402,233,417,233,
418,203,433,203,418,233,433,233,
434,203,449,203,434,233,449,233,
354,229,369,229,354,257,369,257,
370,229,385,229,370,257,385,257,
386,229,401,229,386,257,401,257,
402,229,417,229,402,257,417,257,
418,229,433,229,418,257,433,257,
357,254,372,254,357,610,372,610,
373,254,388,254,373,610,388,610,
389,254,404,254,389,610,404,610,
405,254,420,254,405,610,420,610,
421,254,436,254,421,610,436,610,
437,254,452,254,437,610,452,610,
357,616,372,616,357,635,372,635,
370,621,385,621,370,646,385,646,
386,621,401,621,386,646,401,646,
402,621,417,621,402,646,417,646,
418,621,433,621,418,646,433,646,
434,621,449,621,434,646,449,646,
450,621,465,621,450,646,465,646,
466,621,481,621,466,646,481,646,
