206,277,221,277,206,359,221,359,
222,277,237,277,222,359,237,359,
238,277,253,277,238,359,253,359,
254,277,269,277,254,359,269,359,
270,277,285,277,270,359,285,359,
286,277,301,277,286,359,301,359,
302,277,317,277,302,359,317,359,
318,277,333,277,318,359,333,359,
334,277,349,277,334,359,349,359,
350,277,365,277,350,359,365,359,
366,277,381,277,366,359,381,359,
382,277,397,277,382,359,397,359,
174,510,189,510,174,534,189,534,
190,510,205,510,190,534,205,534,
206,513,221,513,206,537,221,537,
222,513,237,513,222,537,237,537,
238,513,253,513,238,537,253,537,
254,513,269,513,254,537,269,537,
269,513,284,513,269,549,284,549,
285,513,300,513,285,549,300,549,
301,513,316,513,301,549,316,549,
317,513,332,513,317,549,332,549,
333,513,348,513,333,549,348,549,
349,513,364,513,349,549,364,549,
365,513,380,513,365,549,380,549,
381,513,396,513,381,549,396,549,
397,513,412,513,397,549,412,549,
413,513,428,513,413,549,428,549,
193,542,208,542,193,571,208,571,
209,542,224,542,209,571,224,571,
225,542,240,542,225,571,240,571,
241,542,256,542,241,571,256,571,
258,546,273,546,258,581,273,581,
274,546,289,546,274,581,289,581,
290,546,305,546,290,581,305,581,
306,546,321,546,306,581,321,581,
322,546,337,546,322,581,337,581,
338,546,353,546,338,581,353,581,
354,546,369,546,354,581,369,581,
370,546,385,546,370,581,385,581,
386,546,401,546,386,581,401,581,
402,546,417,546,402,581,417,581,
249,592,264,592,249,630,264,630,
265,592,280,592,265,630,280,630,
281,592,296,592,281,630,296,630,
297,592,312,592,297,630,312,630,
313,592,328,592,313,630,328,630,
329,592,344,592,329,630,344,630,
345,592,360,592,345,630,360,630,
361,592,376,592,361,630,376,630,
377,592,392,592,377,630,392,630,
393,592,408,592,393,630,408,630,
130,323,145,323,130,380,145,380,
146,323,161,323,146,380,161,380,
162,323,177,323,162,380,177,380,
134,345,149,345,134,389,149,389,
134,391,149,391,134,428,149,428,
150,391,165,391,150,428,165,428,
155,388,170,388,155,424,170,424,
136,435,151,435,136,451,151,451,
152,435,167,435,152,451,167,451,
130,477,145,477,130,515,145,515,
146,477,161,477,146,515,161,515,
155,477,170,477,155,522,170,522,
125,535,140,535,125,584,140,584,
141,535,156,535,141,584,156,584,
157,535,172,535,157,584,172,584,
126,540,141,540,126,556,141,556,
142,540,157,540,142,556,157,556,
