238,199,253,199,238,228,253,228,
254,199,269,199,254,228,269,228,
270,199,285,199,270,228,285,228,
286,199,301,199,286,228,301,228,
302,199,317,199,302,228,317,228,
318,199,333,199,318,228,333,228,
334,199,349,199,334,228,349,228,
350,199,365,199,350,228,365,228,
366,199,381,199,366,228,381,228,
382,199,397,199,382,228,397,228,
398,199,413,199,398,228,413,228,
414,199,429,199,414,228,429,228,
430,199,445,199,430,228,445,228,
446,199,461,199,446,228,461,228,
99,208,114,208,99,230,114,230,
115,208,130,208,115,230,130,230,
131,208,146,208,131,230,146,230,
147,208,162,208,147,230,162,230,
163,208,178,208,163,230,178,230,
179,208,194,208,179,230,194,230,
195,208,210,208,195,230,210,230,
211,208,226,208,211,230,226,230,
98,160,113,160,98,192,113,192,
114,160,129,160,114,192,129,192,
130,160,145,160,130,192,145,192,
146,160,161,160,146,192,161,192,
162,160,177,160,162,192,177,192,
178,160,193,160,178,192,193,192,
194,160,209,160,194,192,209,192,
210,160,225,160,210,192,225,192,
226,160,241,160,226,192,241,192,
242,160,257,160,242,192,257,192,
258,160,273,160,258,192,273,192,
274,160,289,160,274,192,289,192,
298,157,313,157,298,188,313,188,
314,157,329,157,314,188,329,188,
330,157,345,157,330,188,345,188,
346,157,361,157,346,188,361,188,
362,157,377,157,362,188,377,188,
378,157,393,157,378,188,393,188,
394,157,409,157,394,188,409,188,
410,157,425,157,410,188,425,188,
426,157,441,157,426,188,441,188,
442,157,457,157,442,188,457,188,
352,117,367,117,352,149,367,149,
368,117,383,117,368,149,383,149,
384,117,399,117,384,149,399,149,
400,117,415,117,400,149,415,149,
214,120,229,120,214,149,229,149,
230,120,245,120,230,149,245,149,
246,120,261,120,246,149,261,149,
262,120,277,120,262,149,277,149,
278,120,293,120,278,149,293,149,
294,120,309,120,294,149,309,149,
310,120,325,120,310,149,325,149,
326,120,341,120,326,149,341,149,
93,123,108,123,93,151,108,151,
109,123,124,123,109,151,124,151,
125,123,140,123,125,151,140,151,
141,123,156,123,141,151,156,151,
157,123,172,123,157,151,172,151,
173,123,188,123,173,151,188,151,
189,123,204,123,189,151,204,151,
122,34,137,34,122,48,137,48,
138,34,153,34,138,48,153,48,
154,34,169,34,154,48,169,48,
60,33,75,33,60,49,75,49,
76,33,91,33,76,49,91,49,
92,33,107,33,92,49,107,49,
108,33,123,33,108,49,123,49,
