156,149,171,149,156,163,171,163,
172,149,187,149,172,163,187,163,
131,176,146,176,131,188,146,188,
147,176,162,176,147,188,162,188,
163,176,178,176,163,188,178,188,
107,192,122,192,107,226,122,226,
123,192,138,192,123,226,138,226,
139,192,154,192,139,226,154,226,
155,192,170,192,155,226,170,226,
171,192,186,192,171,226,186,226,
187,192,202,192,187,226,202,226,
91,220,106,220,91,256,106,256,
107,220,122,220,107,256,122,256,
123,220,138,220,123,256,138,256,
139,220,154,220,139,256,154,256,
155,220,170,220,155,256,170,256,
171,220,186,220,171,256,186,256,
187,220,202,220,187,256,202,256,
203,220,218,220,203,256,218,256,
156,287,171,287,156,482,171,482,
172,287,187,287,172,482,187,482,
188,287,203,287,188,482,203,482,
110,326,125,326,110,526,125,526,
126,326,141,326,126,526,141,526,
142,326,157,326,142,526,157,526,
232,115,247,115,232,669,247,669,
248,115,263,115,248,669,263,669,
264,115,279,115,264,669,279,669,
280,115,295,115,280,669,295,669,
296,115,311,115,296,669,311,669,
312,115,327,115,312,669,327,669,
328,115,343,115,328,669,343,669,
344,115,359,115,344,669,359,669,
360,115,375,115,360,669,375,669,
376,115,391,115,376,669,391,669,
392,115,407,115,392,669,407,669,
409,659,424,659,409,680,424,680,
419,283,434,283,419,493,434,493,
435,283,450,283,435,493,450,493,
451,283,466,283,451,493,466,493,
490,348,505,348,490,599,505,599,
506,348,521,348,506,599,521,599,
522,348,537,348,522,599,537,599,
476,67,491,67,476,84,491,84,
492,67,507,67,492,84,507,84,
508,67,523,67,508,84,523,84,
521,71,536,71,521,84,536,84,
537,71,552,71,537,84,552,84,
435,99,450,99,435,181,450,181,
451,99,466,99,451,181,466,181,
467,99,482,99,467,181,482,181,
483,99,498,99,483,181,498,181,
493,103,508,103,493,171,508,171,
509,103,524,103,509,171,524,171,
525,103,540,103,525,171,540,171,
541,103,556,103,541,171,556,171,
557,103,572,103,557,171,572,171,
485,130,500,130,485,139,500,139,
501,130,516,130,501,139,516,139,
517,130,532,130,517,139,532,139,
484,192,499,192,484,205,499,205,
500,192,515,192,500,205,515,205,
516,192,531,192,516,205,531,205,
444,179,459,179,444,220,459,220,
460,179,475,179,460,220,475,220,
476,179,491,179,476,220,491,220,
492,179,507,179,492,220,507,220,
497,205,512,205,497,219,512,219,
513,205,528,205,513,219,528,219,
529,205,544,205,529,219,544,219,
538,176,553,176,538,216,553,216,
554,176,569,176,554,216,569,216,
484,225,499,225,484,242,499,242,
500,225,515,225,500,242,515,242,
516,225,531,225,516,242,531,242,
477,240,492,240,477,261,492,261,
493,240,508,240,493,261,508,261,
509,240,524,240,509,261,524,261,
525,240,540,240,525,261,540,261,
467,253,482,253,467,285,482,285,
483,253,498,253,483,285,498,285,
499,253,514,253,499,285,514,285,
515,253,530,253,515,285,530,285,
531,253,546,253,531,285,546,285,
474,275,489,275,474,305,489,305,
490,275,505,275,490,305,505,305,
506,275,521,275,506,305,521,305,
522,275,537,275,522,305,537,305,
1,647,16,647,1,706,16,706,
