321,283,336,283,321,361,336,361,
337,283,352,283,337,361,352,361,
353,283,368,283,353,361,368,361,
369,283,384,283,369,361,384,361,
385,283,400,283,385,361,400,361,
401,283,416,283,401,361,416,361,
417,283,432,283,417,361,432,361,
433,283,448,283,433,361,448,361,
449,283,464,283,449,361,464,361,
465,283,480,283,465,361,480,361,
481,283,496,283,481,361,496,361,
364,368,379,368,364,387,379,387,
380,368,395,368,380,387,395,387,
396,368,411,368,396,387,411,387,
412,368,427,368,412,387,427,387,
428,368,443,368,428,387,443,387,
372,391,387,391,372,412,387,412,
388,391,403,391,388,412,403,412,
404,391,419,391,404,412,419,412,
420,391,435,391,420,412,435,412,
402,424,417,424,402,437,417,437,
418,424,433,424,418,437,433,437,
434,424,449,424,434,437,449,437,
450,424,465,424,450,437,465,437,
