281,237,296,237,281,356,296,356,
297,237,312,237,297,356,312,356,
313,237,328,237,313,356,328,356,
329,237,344,237,329,356,344,356,
345,237,360,237,345,356,360,356,
361,237,376,237,361,356,376,356,
377,237,392,237,377,356,392,356,
393,237,408,237,393,356,408,356,
409,237,424,237,409,356,424,356,
425,237,440,237,425,356,440,356,
441,237,456,237,441,356,456,356,
457,237,472,237,457,356,472,356,
473,237,488,237,473,356,488,356,
489,237,504,237,489,356,504,356,
505,237,520,237,505,356,520,356,
521,237,536,237,521,356,536,356,
537,237,552,237,537,356,552,356,
