173,182,188,182,173,299,188,299,
189,182,204,182,189,299,204,299,
205,182,220,182,205,299,220,299,
221,182,236,182,221,299,236,299,
237,182,252,182,237,299,252,299,
253,182,268,182,253,299,268,299,
269,182,284,182,269,299,284,299,
285,182,300,182,285,299,300,299,
301,182,316,182,301,299,316,299,
317,182,332,182,317,299,332,299,
333,182,348,182,333,299,348,299,
349,182,364,182,349,299,364,299,
365,182,380,182,365,299,380,299,
381,182,396,182,381,299,396,299,
397,182,412,182,397,299,412,299,
413,182,428,182,413,299,428,299,
429,182,444,182,429,299,444,299,
445,182,460,182,445,299,460,299,
461,182,476,182,461,299,476,299,
477,182,492,182,477,299,492,299,
493,182,508,182,493,299,508,299,
509,182,524,182,509,299,524,299,
525,182,540,182,525,299,540,299,
541,182,556,182,541,299,556,299,
557,182,572,182,557,299,572,299,
573,182,588,182,573,299,588,299,
589,182,604,182,589,299,604,299,
605,182,620,182,605,299,620,299,
621,182,636,182,621,299,636,299,
370,290,385,290,370,319,385,319,
386,290,401,290,386,319,401,319,
402,290,417,290,402,319,417,319,
418,290,433,290,418,319,433,319,
434,290,449,290,434,319,449,319,
446,283,461,283,446,311,461,311,
462,283,477,283,462,311,477,311,
271,316,286,316,271,367,286,367,
287,316,302,316,287,367,302,367,
303,316,318,316,303,367,318,367,
319,316,334,316,319,367,334,367,
335,316,350,316,335,367,350,367,
351,316,366,316,351,367,366,367,
367,316,382,316,367,367,382,367,
383,316,398,316,383,367,398,367,
399,316,414,316,399,367,414,367,
415,316,430,316,415,367,430,367,
431,316,446,316,431,367,446,367,
450,322,465,322,450,345,465,345,
469,306,484,306,469,341,484,341,
485,306,500,306,485,341,500,341,
501,306,516,306,501,341,516,341,
517,306,532,306,517,341,532,341,
533,306,548,306,533,341,548,341,
549,306,564,306,549,341,564,341,
