198,353,213,353,198,397,213,397,
214,353,229,353,214,397,229,397,
230,353,245,353,230,397,245,397,
246,353,261,353,246,397,261,397,
262,353,277,353,262,397,277,397,
278,353,293,353,278,397,293,397,
203,370,218,370,203,390,218,390,
219,370,234,370,219,390,234,390,
234,383,249,383,234,394,249,394,
250,388,265,388,250,407,265,407,
266,388,281,388,266,407,281,407,
278,399,293,399,278,409,293,409,
65,417,80,417,65,456,80,456,
81,417,96,417,81,456,96,456,
328,489,343,489,328,521,343,521,
344,489,359,489,344,521,359,521,
360,489,375,489,360,521,375,521,
376,489,391,489,376,521,391,521,
392,489,407,489,392,521,407,521,
