39,301,54,301,39,325,54,325,
55,301,70,301,55,325,70,325,
71,301,86,301,71,325,86,325,
87,301,102,301,87,325,102,325,
104,302,119,302,104,326,119,326,
120,302,135,302,120,326,135,326,
136,302,151,302,136,326,151,326,
152,302,167,302,152,326,167,326,
438,256,453,256,438,324,453,324,
454,256,469,256,454,324,469,324,
470,256,485,256,470,324,485,324,
486,256,501,256,486,324,501,324,
502,256,517,256,502,324,517,324,
531,257,546,257,531,325,546,325,
547,257,562,257,547,325,562,325,
563,257,578,257,563,325,578,325,
579,257,594,257,579,325,594,325,
595,257,610,257,595,325,610,325,
695,507,710,507,695,556,710,556,
711,507,726,507,711,556,726,556,
727,507,742,507,727,556,742,556,
743,507,758,507,743,556,758,556,
597,506,612,506,597,539,612,539,
613,506,628,506,613,539,628,539,
624,507,639,507,624,554,639,554,
640,507,655,507,640,554,655,554,
474,502,489,502,474,509,489,509,
490,502,505,502,490,509,505,509,
465,508,480,508,465,513,480,513,
481,508,496,508,481,513,496,513,
497,508,512,508,497,513,512,513,
474,515,489,515,474,530,489,530,
490,515,505,515,490,530,505,530,
371,512,386,512,371,521,386,521,
387,512,402,512,387,521,402,521,
373,519,388,519,373,527,388,527,
389,519,404,519,389,527,404,527,
374,525,389,525,374,532,389,532,
390,525,405,525,390,532,405,532,
261,561,276,561,261,570,276,570,
277,561,292,561,277,570,292,570,
293,561,308,561,293,570,308,570,
299,560,314,560,299,571,314,571,
4,519,19,519,4,527,19,527,
12,517,27,517,12,525,27,525,
1,523,16,523,1,527,16,527,
1,524,16,524,1,528,16,528,
10,529,25,529,10,536,25,536,
26,529,41,529,26,536,41,536,
11,545,26,545,11,546,26,546,
27,545,42,545,27,548,42,548,
11,561,26,561,11,564,26,564,
26,562,41,562,26,565,41,565,
10,573,25,573,10,576,25,576,
24,573,39,573,24,576,39,576,
3,590,18,590,3,600,18,600,
19,590,34,590,19,600,34,600,
673,581,688,581,673,588,688,588,
664,581,679,581,664,587,679,587,
690,582,705,582,690,589,705,589,
681,581,696,581,681,588,696,588,
45,384,60,384,45,405,60,405,
61,384,76,384,61,405,76,405,
77,384,92,384,77,405,92,405,
93,384,108,384,93,405,108,405,
109,384,124,384,109,405,124,405,
125,384,140,384,125,405,140,405,
141,384,156,384,141,405,156,405,
157,384,172,384,157,405,172,405,
