223,448,238,448,223,481,238,481,
239,448,254,448,239,481,254,481,
255,448,270,448,255,481,270,481,
271,448,286,448,271,481,286,481,
287,448,302,448,287,481,302,481,
303,448,318,448,303,481,318,481,
319,448,334,448,319,481,334,481,
335,448,350,448,335,481,350,481,
351,448,366,448,351,481,366,481,
367,448,382,448,367,481,382,481,
220,346,235,346,220,471,235,471,
236,346,251,346,236,471,251,471,
252,346,267,346,252,471,267,471,
268,346,283,346,268,471,283,471,
284,346,299,346,284,471,299,471,
300,346,315,346,300,471,315,471,
316,346,331,346,316,471,331,471,
332,346,347,346,332,471,347,471,
348,346,363,346,348,471,363,471,
364,346,379,346,364,471,379,471,
380,346,395,346,380,471,395,471,
396,346,411,346,396,471,411,471,
412,346,427,346,412,471,427,471,
428,346,443,346,428,471,443,471,
444,346,459,346,444,471,459,471,
460,346,475,346,460,471,475,471,
476,346,491,346,476,471,491,471,
492,346,507,346,492,471,507,471,
508,346,523,346,508,471,523,471,
524,346,539,346,524,471,539,471,
540,346,555,346,540,471,555,471,
556,346,571,346,556,471,571,471,
572,346,587,346,572,471,587,471,
588,346,603,346,588,471,603,471,
604,346,619,346,604,471,619,471,
620,346,635,346,620,471,635,471,
636,346,651,346,636,471,651,471,
652,346,667,346,652,471,667,471,
668,346,683,346,668,471,683,471,
684,346,699,346,684,471,699,471,
700,346,715,346,700,471,715,471,
786,41,801,41,786,57,801,57,
