54,277,69,277,54,349,69,349,
70,277,85,277,70,349,85,349,
86,277,101,277,86,349,101,349,
102,277,117,277,102,349,117,349,
118,277,133,277,118,349,133,349,
134,277,149,277,134,349,149,349,
150,277,165,277,150,349,165,349,
166,277,181,277,166,349,181,349,
182,277,197,277,182,349,197,349,
198,277,213,277,198,349,213,349,
214,277,229,277,214,349,229,349,
247,283,262,283,247,345,262,345,
263,283,278,283,263,345,278,345,
279,283,294,283,279,345,294,345,
295,283,310,283,295,345,310,345,
311,283,326,283,311,345,326,345,
327,283,342,283,327,345,342,345,
343,283,358,283,343,345,358,345,
359,283,374,283,359,345,374,345,
375,283,390,283,375,345,390,345,
391,283,406,283,391,345,406,345,
407,283,422,283,407,345,422,345,
423,283,438,283,423,345,438,345,
439,283,454,283,439,345,454,345,
455,283,470,283,455,345,470,345,
471,283,486,283,471,345,486,345,
487,283,502,283,487,345,502,345,
11,315,26,315,11,329,26,329,
27,315,42,315,27,329,42,329,
6,344,21,344,6,351,21,351,
22,344,37,344,22,351,37,351,
