175,29,190,29,175,561,190,561,
191,29,206,29,191,561,206,561,
207,29,222,29,207,561,222,561,
223,29,238,29,223,561,238,561,
239,29,254,29,239,561,254,561,
255,29,270,29,255,561,270,561,
271,29,286,29,271,561,286,561,
287,29,302,29,287,561,302,561,
303,29,318,29,303,561,318,561,
319,29,334,29,319,561,334,561,
335,29,350,29,335,561,350,561,
351,29,366,29,351,561,366,561,
367,29,382,29,367,561,382,561,
79,220,94,220,79,283,94,283,
95,220,110,220,95,283,110,283,
14,9,29,9,14,94,29,94,
30,9,45,9,30,94,45,94,
46,9,61,9,46,94,61,94,
62,9,77,9,62,94,77,94,
78,9,93,9,78,94,93,94,
94,9,109,9,94,94,109,94,
110,9,125,9,110,94,125,94,
126,9,141,9,126,94,141,94,
411,186,426,186,411,218,426,218,
427,186,442,186,427,218,442,218,
450,209,465,209,450,217,465,217,
526,204,541,204,526,211,541,211,
443,1,458,1,443,37,458,37,
506,246,521,246,506,258,521,258,
506,262,521,262,506,268,521,268,
81,283,96,283,81,368,96,368,
97,283,112,283,97,368,112,368,
146,54,161,54,146,116,161,116,
1,330,16,330,1,343,16,343,
1,319,16,319,1,326,16,326,
118,317,133,317,118,327,133,327,
529,223,544,223,529,233,544,233,
526,200,541,200,526,204,541,204,
401,189,416,189,401,213,416,213,
395,186,410,186,395,210,410,210,
416,255,431,255,416,260,431,260,
416,252,431,252,416,255,431,255,
416,260,431,260,416,264,431,264,
469,307,484,307,469,311,484,311,
516,181,531,181,516,189,531,189,
515,188,530,188,515,194,530,194,
440,203,455,203,440,209,455,209,
441,209,456,209,441,216,456,216,
444,27,459,27,444,51,459,51,
428,1,443,1,428,17,443,17,
498,242,513,242,498,249,513,249,
520,240,535,240,520,243,535,243,
536,240,551,240,536,243,551,243,
525,210,540,210,525,213,540,213,
500,335,515,335,500,341,515,341,
516,335,531,335,516,341,531,341,
532,335,547,335,532,341,547,341,
147,550,162,550,147,599,162,599,
163,550,178,550,163,599,178,599,
179,550,194,550,179,599,194,599,
195,550,210,550,195,599,210,599,
203,581,218,581,203,600,218,600,
219,581,234,581,219,600,234,600,
238,578,253,578,238,600,253,600,
254,578,269,578,254,600,269,600,
270,578,285,578,270,600,285,600,
286,578,301,578,286,600,301,600,
302,578,317,578,302,600,317,600,
318,578,333,578,318,600,333,600,
334,578,349,578,334,600,349,600,
339,558,354,558,339,600,354,600,
355,558,370,558,355,600,370,600,
371,558,386,558,371,600,386,600,
82,375,97,375,82,388,97,388,
89,379,104,379,89,383,104,383,
97,372,112,372,97,385,112,385,
