314,338,329,338,314,361,329,361,
330,338,345,338,330,361,345,361,
346,338,361,338,346,361,361,361,
362,338,377,338,362,361,377,361,
378,338,393,338,378,361,393,361,
241,378,256,378,241,424,256,424,
257,378,272,378,257,424,272,424,
273,378,288,378,273,424,288,424,
289,378,304,378,289,424,304,424,
305,378,320,378,305,424,320,424,
321,378,336,378,321,424,336,424,
337,378,352,378,337,424,352,424,
353,378,368,378,353,424,368,424,
369,378,384,378,369,424,384,424,
385,378,400,378,385,424,400,424,
421,389,436,389,421,416,436,416,
437,389,452,389,437,416,452,416,
453,389,468,389,453,416,468,416,
469,389,484,389,469,416,484,416,
195,466,210,466,195,506,210,506,
211,466,226,466,211,506,226,506,
227,466,242,466,227,506,242,506,
243,466,258,466,243,506,258,506,
259,466,274,466,259,506,274,506,
275,466,290,466,275,506,290,506,
143,513,158,513,143,609,158,609,
159,513,174,513,159,609,174,609,
175,513,190,513,175,609,190,609,
191,513,206,513,191,609,206,609,
207,513,222,513,207,609,222,609,
223,513,238,513,223,609,238,609,
239,513,254,513,239,609,254,609,
255,513,270,513,255,609,270,609,
271,513,286,513,271,609,286,609,
287,513,302,513,287,609,302,609,
303,513,318,513,303,609,318,609,
319,513,334,513,319,609,334,609,
335,513,350,513,335,609,350,609,
351,513,366,513,351,609,366,609,
367,513,382,513,367,609,382,609,
383,513,398,513,383,609,398,609,
399,513,414,513,399,609,414,609,
415,513,430,513,415,609,430,609,
431,513,446,513,431,609,446,609,
447,513,462,513,447,609,462,609,
463,513,478,513,463,609,478,609,
479,513,494,513,479,609,494,609,
141,370,156,370,141,395,156,395,
157,370,172,370,157,395,172,395,
173,370,188,370,173,395,188,395,
202,191,217,191,202,321,217,321,
218,191,233,191,218,321,233,321,
234,191,249,191,234,321,249,321,
250,191,265,191,250,321,265,321,
266,191,281,191,266,321,281,321,
282,191,297,191,282,321,297,321,
298,191,313,191,298,321,313,321,
314,191,329,191,314,321,329,321,
330,191,345,191,330,321,345,321,
346,191,361,191,346,321,361,321,
362,191,377,191,362,321,377,321,
378,191,393,191,378,321,393,321,
249,339,264,339,249,359,264,359,
265,339,280,339,265,359,280,359,
281,339,296,339,281,359,296,359,
297,339,312,339,297,359,312,359,
204,338,219,338,204,357,219,357,
220,338,235,338,220,357,235,357,
236,338,251,338,236,357,251,357,
194,390,209,390,194,427,209,427,
210,390,225,390,210,427,225,427,
226,390,241,390,226,427,241,427,
230,406,245,406,230,424,245,424,
300,479,315,479,300,524,315,524,
316,479,331,479,316,524,331,524,
332,479,347,479,332,524,347,524,
348,479,363,479,348,524,363,524,
364,479,379,479,364,524,379,524,
380,479,395,479,380,524,395,524,
396,479,411,479,396,524,411,524,
