209,399,224,399,209,442,224,442,
225,399,240,399,225,442,240,442,
241,399,256,399,241,442,256,442,
257,399,272,399,257,442,272,442,
273,399,288,399,273,442,288,442,
289,399,304,399,289,442,304,442,
305,399,320,399,305,442,320,442,
321,399,336,399,321,442,336,442,
337,399,352,399,337,442,352,442,
353,399,368,399,353,442,368,442,
369,399,384,399,369,442,384,442,
385,399,400,399,385,442,400,442,
161,442,176,442,161,484,176,484,
177,442,192,442,177,484,192,484,
193,442,208,442,193,484,208,484,
209,442,224,442,209,484,224,484,
225,442,240,442,225,484,240,484,
241,442,256,442,241,484,256,484,
257,442,272,442,257,484,272,484,
273,442,288,442,273,484,288,484,
289,442,304,442,289,484,304,484,
305,442,320,442,305,484,320,484,
321,442,336,442,321,484,336,484,
337,442,352,442,337,484,352,484,
353,442,368,442,353,484,368,484,
369,442,384,442,369,484,384,484,
385,442,400,442,385,484,400,484,
401,442,416,442,401,484,416,484,
417,442,432,442,417,484,432,484,
155,486,170,486,155,523,170,523,
171,486,186,486,171,523,186,523,
187,486,202,486,187,523,202,523,
203,486,218,486,203,523,218,523,
219,486,234,486,219,523,234,523,
235,486,250,486,235,523,250,523,
251,486,266,486,251,523,266,523,
267,486,282,486,267,523,282,523,
283,486,298,486,283,523,298,523,
299,486,314,486,299,523,314,523,
315,486,330,486,315,523,330,523,
331,486,346,486,331,523,346,523,
347,486,362,486,347,523,362,523,
363,486,378,486,363,523,378,523,
379,486,394,486,379,523,394,523,
395,486,410,486,395,523,410,523,
411,486,426,486,411,523,426,523,
427,486,442,486,427,523,442,523,
216,519,231,519,216,552,231,552,
232,519,247,519,232,552,247,552,
248,519,263,519,248,552,263,552,
264,519,279,519,264,552,279,552,
280,519,295,519,280,552,295,552,
296,519,311,519,296,552,311,552,
312,519,327,519,312,552,327,552,
328,522,343,522,328,550,343,550,
344,522,359,522,344,550,359,550,
360,522,375,522,360,550,375,550,
