382,238,397,238,382,349,397,349,
398,238,413,238,398,349,413,349,
414,238,429,238,414,349,429,349,
446,356,461,356,446,397,461,397,
462,356,477,356,462,397,477,397,
478,356,493,356,478,397,493,397,
441,191,456,191,441,350,456,350,
457,191,472,191,457,350,472,350,
473,191,488,191,473,350,488,350,
509,144,524,144,509,442,524,442,
525,144,540,144,525,442,540,442,
541,144,556,144,541,442,556,442,
176,1,191,1,176,95,191,95,
192,1,207,1,192,95,207,95,
208,1,223,1,208,95,223,95,
224,1,239,1,224,95,239,95,
240,1,255,1,240,95,255,95,
256,1,271,1,256,95,271,95,
272,1,287,1,272,95,287,95,
288,1,303,1,288,95,303,95,
304,1,319,1,304,95,319,95,
201,386,216,386,201,510,216,510,
217,386,232,386,217,510,232,510,
233,386,248,386,233,510,248,510,
249,386,264,386,249,510,264,510,
265,386,280,386,265,510,280,510,
281,386,296,386,281,510,296,510,
297,386,312,386,297,510,312,510,
313,386,328,386,313,510,328,510,
329,386,344,386,329,510,344,510,
