309,392,324,392,309,412,324,412,
325,392,340,392,325,412,340,412,
341,392,356,392,341,412,356,412,
341,358,356,358,341,371,356,371,
305,358,320,358,305,371,320,371,
321,358,336,358,321,371,336,371,
257,358,272,358,257,371,272,371,
273,358,288,358,273,371,288,371,
289,358,304,358,289,371,304,371,
204,443,219,443,204,454,219,454,
220,443,235,443,220,454,235,454,
236,443,251,443,236,454,251,454,
20,530,35,530,20,534,35,534,
21,528,36,528,21,530,36,530,
20,524,35,524,20,527,35,527,
26,525,41,525,26,527,41,527,
23,515,38,515,23,521,38,521,
14,517,29,517,14,519,29,519,
8,503,23,503,8,506,23,506,
24,503,39,503,24,506,39,506,
13,498,28,498,13,501,28,501,
29,500,44,500,29,503,44,503,
12,409,27,409,12,418,27,418,
28,409,43,409,28,418,43,418,
44,409,59,409,44,418,59,418,
54,409,69,409,54,418,69,418,
68,519,83,519,68,521,83,521,
58,519,73,519,58,523,73,523,
68,485,83,485,68,489,83,489,
58,485,73,485,58,489,73,489,
74,481,89,481,74,484,89,484,
66,481,81,481,66,485,81,485,
57,482,72,482,57,485,72,485,
68,479,83,479,68,481,83,481,
60,479,75,479,60,481,75,481,
112,514,127,514,112,517,127,517,
112,512,127,512,112,514,127,514,
112,508,127,508,112,511,127,511,
90,419,105,419,90,425,105,425,
64,371,79,371,64,399,79,399,
224,358,239,358,224,369,239,369,
240,358,255,358,240,369,255,369,
188,357,203,357,188,369,203,369,
204,357,219,357,204,369,219,369,
185,332,200,332,185,343,200,343,
200,332,215,332,200,343,215,343,
221,332,236,332,221,346,236,346,
237,332,252,332,237,346,252,346,
253,332,268,332,253,346,268,346,
269,332,284,332,269,346,284,346,
285,332,300,332,285,346,300,346,
218,306,233,306,218,318,233,318,
234,306,249,306,234,318,249,318,
250,306,265,306,250,318,265,318,
185,305,200,305,185,317,200,317,
201,305,216,305,201,317,216,317,
184,280,199,280,184,292,199,292,
200,280,215,280,200,292,215,292,
184,254,199,254,184,266,199,266,
200,254,215,254,200,266,215,266,
209,254,224,254,209,266,224,266,
225,254,240,254,225,266,240,266,
241,254,256,254,241,266,256,266,
211,280,226,280,211,293,226,293,
227,280,242,280,227,293,242,293,
243,280,258,280,243,293,258,293,
259,280,274,280,259,293,274,293,
275,280,290,280,275,293,290,293,
293,281,308,281,293,292,308,292,
309,281,324,281,309,292,324,292,
325,281,340,281,325,292,340,292,
341,281,356,281,341,292,356,292,
249,255,264,255,249,267,264,267,
265,255,280,255,265,267,280,267,
281,255,296,255,281,267,296,267,
294,256,309,256,294,267,309,267,
310,256,325,256,310,267,325,267,
330,230,345,230,330,242,345,242,
346,230,361,230,346,242,361,242,
362,230,377,230,362,242,377,242,
300,229,315,229,300,241,315,241,
316,229,331,229,316,241,331,241,
261,229,276,229,261,241,276,241,
277,229,292,229,277,241,292,241,
293,229,308,229,293,241,308,241,
186,228,201,228,186,240,201,240,
202,228,217,228,202,240,217,240,
218,228,233,228,218,240,233,240,
234,228,249,228,234,240,249,240,
250,228,265,228,250,240,265,240,
188,202,203,202,188,214,203,214,
204,202,219,202,204,214,219,214,
217,203,232,203,217,214,232,214,
188,176,203,176,188,188,203,188,
204,176,219,176,204,188,219,188,
220,176,235,176,220,188,235,188,
236,176,251,176,236,188,251,188,
230,203,245,203,230,214,245,214,
246,203,261,203,246,214,261,214,
262,203,277,203,262,214,277,214,
278,204,293,204,278,214,293,214,
290,204,305,204,290,216,305,216,
306,204,321,204,306,216,321,216,
322,204,337,204,322,216,337,216,
338,204,353,204,338,216,353,216,
354,204,369,204,354,216,369,216,
255,152,270,152,255,163,270,163,
271,152,286,152,271,163,286,163,
287,152,302,152,287,163,302,163,
187,150,202,150,187,162,202,162,
203,151,218,151,203,163,218,163,
221,151,236,151,221,163,236,163,
237,151,252,151,237,163,252,163,
187,127,202,127,187,141,202,141,
203,127,218,127,203,141,218,141,
219,127,234,127,219,141,234,141,
235,127,250,127,235,141,250,141,
251,127,266,127,251,141,266,141,
546,418,561,418,546,426,561,426,
