137,325,152,325,137,349,152,349,
153,325,168,325,153,349,168,349,
169,325,184,325,169,349,184,349,
185,325,200,325,185,349,200,349,
201,325,216,325,201,349,216,349,
256,265,271,265,256,307,271,307,
272,265,287,265,272,307,287,307,
288,265,303,265,288,307,303,307,
304,265,319,265,304,307,319,307,
320,265,335,265,320,307,335,307,
336,265,351,265,336,307,351,307,
352,265,367,265,352,307,367,307,
368,265,383,265,368,307,383,307,
384,265,399,265,384,307,399,307,
400,265,415,265,400,307,415,307,
416,265,431,265,416,307,431,307,
432,265,447,265,432,307,447,307,
448,265,463,265,448,307,463,307,
464,265,479,265,464,307,479,307,
480,265,495,265,480,307,495,307,
250,293,265,293,250,389,265,389,
266,293,281,293,266,389,281,389,
282,293,297,293,282,389,297,389,
298,293,313,293,298,389,313,389,
314,293,329,293,314,389,329,389,
330,293,345,293,330,389,345,389,
346,293,361,293,346,389,361,389,
362,293,377,293,362,389,377,389,
378,293,393,293,378,389,393,389,
394,293,409,293,394,389,409,389,
410,293,425,293,410,389,425,389,
426,293,441,293,426,389,441,389,
442,293,457,293,442,389,457,389,
458,293,473,293,458,389,473,389,
474,293,489,293,474,389,489,389,
490,293,505,293,490,389,505,389,
506,293,521,293,506,389,521,389,
522,293,537,293,522,389,537,389,
538,293,553,293,538,389,553,389,
554,293,569,293,554,389,569,389,
570,293,585,293,570,389,585,389,
586,293,601,293,586,389,601,389,
602,293,617,293,602,389,617,389,
618,293,633,293,618,389,633,389,
634,293,649,293,634,389,649,389,
216,407,231,407,216,451,231,451,
232,407,247,407,232,451,247,451,
248,407,263,407,248,451,263,451,
264,407,279,407,264,451,279,451,
280,407,295,407,280,451,295,451,
296,407,311,407,296,451,311,451,
312,407,327,407,312,451,327,451,
328,407,343,407,328,451,343,451,
344,407,359,407,344,451,359,451,
360,407,375,407,360,451,375,451,
376,407,391,407,376,451,391,451,
392,407,407,407,392,451,407,451,
408,407,423,407,408,451,423,451,
424,407,439,407,424,451,439,451,
440,407,455,407,440,451,455,451,
456,407,471,407,456,451,471,451,
472,407,487,407,472,451,487,451,
488,407,503,407,488,451,503,451,
504,407,519,407,504,451,519,451,
520,407,535,407,520,451,535,451,
536,407,551,407,536,451,551,451,
