148,473,163,473,148,534,163,534,
164,473,179,473,164,534,179,534,
180,473,195,473,180,534,195,534,
196,473,211,473,196,534,211,534,
212,473,227,473,212,534,227,534,
228,473,243,473,228,534,243,534,
244,473,259,473,244,534,259,534,
260,473,275,473,260,534,275,534,
276,473,291,473,276,534,291,534,
292,473,307,473,292,534,307,534,
308,473,323,473,308,534,323,534,
324,473,339,473,324,534,339,534,
340,473,355,473,340,534,355,534,
356,473,371,473,356,534,371,534,
372,473,387,473,372,534,387,534,
151,436,166,436,151,482,166,482,
167,436,182,436,167,482,182,482,
183,436,198,436,183,482,198,482,
199,436,214,436,199,482,214,482,
215,436,230,436,215,482,230,482,
231,436,246,436,231,482,246,482,
247,436,262,436,247,482,262,482,
274,434,289,434,274,478,289,478,
290,434,305,434,290,478,305,478,
306,434,321,434,306,478,321,478,
322,434,337,434,322,478,337,478,
338,434,353,434,338,478,353,478,
280,394,295,394,280,433,295,433,
296,394,311,394,296,433,311,433,
312,394,327,394,312,433,327,433,
328,394,343,394,328,433,343,433,
344,394,359,394,344,433,359,433,
142,394,157,394,142,439,157,439,
158,394,173,394,158,439,173,439,
174,394,189,394,174,439,189,439,
190,394,205,394,190,439,205,439,
206,394,221,394,206,439,221,439,
222,394,237,394,222,439,237,439,
238,394,253,394,238,439,253,439,
254,394,269,394,254,439,269,439,
129,343,144,343,129,394,144,394,
145,343,160,343,145,394,160,394,
161,343,176,343,161,394,176,394,
177,343,192,343,177,394,192,394,
193,343,208,343,193,394,208,394,
209,343,224,343,209,394,224,394,
225,343,240,343,225,394,240,394,
241,343,256,343,241,394,256,394,
257,343,272,343,257,394,272,394,
273,343,288,343,273,394,288,394,
284,330,299,330,284,394,299,394,
300,330,315,330,300,394,315,394,
316,330,331,330,316,394,331,394,
332,330,347,330,332,394,347,394,
348,330,363,330,348,394,363,394,
364,330,379,330,364,394,379,394,
380,330,395,330,380,394,395,394,
120,281,135,281,120,344,135,344,
136,281,151,281,136,344,151,344,
152,281,167,281,152,344,167,344,
168,281,183,281,168,344,183,344,
184,281,199,281,184,344,199,344,
200,281,215,281,200,344,215,344,
216,281,231,281,216,344,231,344,
232,281,247,281,232,344,247,344,
248,281,263,281,248,344,263,344,
264,281,279,281,264,344,279,344,
280,281,295,281,280,344,295,344,
296,281,311,281,296,344,311,344,
312,281,327,281,312,344,327,344,
113,228,128,228,113,290,128,290,
129,228,144,228,129,290,144,290,
145,228,160,228,145,290,160,290,
161,228,176,228,161,290,176,290,
177,228,192,228,177,290,192,290,
193,228,208,228,193,290,208,290,
209,228,224,228,209,290,224,290,
213,216,228,216,213,288,228,288,
229,216,244,216,229,288,244,288,
245,216,260,216,245,288,260,288,
261,216,276,216,261,288,276,288,
277,216,292,216,277,288,292,288,
293,216,308,216,293,288,308,288,
309,216,324,216,309,288,324,288,
325,216,340,216,325,288,340,288,
411,334,426,334,411,386,426,386,
427,334,442,334,427,386,442,386,
443,334,458,334,443,386,458,386,
459,334,474,334,459,386,474,386,
367,272,382,272,367,330,382,330,
383,272,398,272,383,330,398,330,
399,272,414,272,399,330,414,330,
415,272,430,272,415,330,430,330,
431,272,446,272,431,330,446,330,
373,211,388,211,373,273,388,273,
389,211,404,211,389,273,404,273,
405,211,420,211,405,273,420,273,
421,211,436,211,421,273,436,273,
437,211,452,211,437,273,452,273,
453,211,468,211,453,273,468,273,
390,136,405,136,390,210,405,210,
406,136,421,136,406,210,421,210,
422,136,437,136,422,210,437,210,
438,136,453,136,438,210,453,210,
454,136,469,136,454,210,469,210,
470,136,485,136,470,210,485,210,
240,144,255,144,240,216,255,216,
256,144,271,144,256,216,271,216,
272,144,287,144,272,216,287,216,
288,144,303,144,288,216,303,216,
304,144,319,144,304,216,319,216,
320,144,335,144,320,216,335,216,
336,144,351,144,336,216,351,216,
352,144,367,144,352,216,367,216,
98,151,113,151,98,227,113,227,
114,151,129,151,114,227,129,227,
130,151,145,151,130,227,145,227,
146,151,161,151,146,227,161,227,
162,151,177,151,162,227,177,227,
178,151,193,151,178,227,193,227,
194,151,209,151,194,227,209,227,
210,151,225,151,210,227,225,227,
226,151,241,151,226,227,241,227,
105,35,120,35,105,144,120,144,
121,35,136,35,121,144,136,144,
137,35,152,35,137,144,152,144,
153,35,168,35,153,144,168,144,
169,35,184,35,169,144,184,144,
185,35,200,35,185,144,200,144,
201,35,216,35,201,144,216,144,
217,35,232,35,217,144,232,144,
233,35,248,35,233,144,248,144,
249,35,264,35,249,144,264,144,
265,35,280,35,265,144,280,144,
281,35,296,35,281,144,296,144,
297,35,312,35,297,144,312,144,
313,35,328,35,313,144,328,144,
329,35,344,35,329,144,344,144,
345,35,360,35,345,144,360,144,
361,35,376,35,361,144,376,144,
377,35,392,35,377,144,392,144,
393,35,408,35,393,144,408,144,
409,35,424,35,409,144,424,144,
425,35,440,35,425,144,440,144,
441,35,456,35,441,144,456,144,
457,35,472,35,457,144,472,144,
473,35,488,35,473,144,488,144,
