135,259,150,259,135,311,150,311,
151,259,166,259,151,311,166,311,
167,259,182,259,167,311,182,311,
183,259,198,259,183,311,198,311,
199,259,214,259,199,311,214,311,
215,259,230,259,215,311,230,311,
231,259,246,259,231,311,246,311,
247,259,262,259,247,311,262,311,
263,259,278,259,263,311,278,311,
279,259,294,259,279,311,294,311,
295,259,310,259,295,311,310,311,
311,259,326,259,311,311,326,311,
327,259,342,259,327,311,342,311,
343,259,358,259,343,311,358,311,
359,259,374,259,359,311,374,311,
375,259,390,259,375,311,390,311,
391,259,406,259,391,311,406,311,
407,259,422,259,407,311,422,311,
423,259,438,259,423,311,438,311,
454,259,469,259,454,309,469,309,
470,259,485,259,470,309,485,309,
486,259,501,259,486,309,501,309,
502,259,517,259,502,309,517,309,
518,259,533,259,518,309,533,309,
54,330,69,330,54,409,69,409,
70,330,85,330,70,409,85,409,
86,330,101,330,86,409,101,409,
102,330,117,330,102,409,117,409,
118,330,133,330,118,409,133,409,
134,330,149,330,134,409,149,409,
150,330,165,330,150,409,165,409,
166,330,181,330,166,409,181,409,
182,330,197,330,182,409,197,409,
198,330,213,330,198,409,213,409,
214,330,229,330,214,409,229,409,
230,330,245,330,230,409,245,409,
246,330,261,330,246,409,261,409,
262,330,277,330,262,409,277,409,
278,330,293,330,278,409,293,409,
294,330,309,330,294,409,309,409,
310,330,325,330,310,409,325,409,
326,330,341,330,326,409,341,409,
342,330,357,330,342,409,357,409,
358,330,373,330,358,409,373,409,
374,330,389,330,374,409,389,409,
390,330,405,330,390,409,405,409,
406,330,421,330,406,409,421,409,
422,330,437,330,422,409,437,409,
438,330,453,330,438,409,453,409,
454,330,469,330,454,409,469,409,
470,330,485,330,470,409,485,409,
486,330,501,330,486,409,501,409,
502,330,517,330,502,409,517,409,
518,330,533,330,518,409,533,409,
534,330,549,330,534,409,549,409,
550,330,565,330,550,409,565,409,
566,330,581,330,566,409,581,409,
582,330,597,330,582,409,597,409,
598,330,613,330,598,409,613,409,
108,437,123,437,108,477,123,477,
124,437,139,437,124,477,139,477,
140,437,155,437,140,477,155,477,
156,437,171,437,156,477,171,477,
172,437,187,437,172,477,187,477,
188,437,203,437,188,477,203,477,
204,437,219,437,204,477,219,477,
220,437,235,437,220,477,235,477,
236,437,251,437,236,477,251,477,
256,449,271,449,256,488,271,488,
272,449,287,449,272,488,287,488,
288,449,303,449,288,488,303,488,
304,449,319,449,304,488,319,488,
320,449,335,449,320,488,335,488,
336,449,351,449,336,488,351,488,
352,449,367,449,352,488,367,488,
376,436,391,436,376,477,391,477,
392,436,407,436,392,477,407,477,
408,436,423,436,408,477,423,477,
424,436,439,436,424,477,439,477,
440,436,455,436,440,477,455,477,
456,436,471,436,456,477,471,477,
472,436,487,436,472,477,487,477,
488,436,503,436,488,477,503,477,
504,436,519,436,504,477,519,477,
520,436,535,436,520,477,535,477,
536,436,551,436,536,477,551,477,
188,493,203,493,188,531,203,531,
204,493,219,493,204,531,219,531,
220,493,235,493,220,531,235,531,
238,488,253,488,238,529,253,529,
254,488,269,488,254,529,269,529,
270,488,285,488,270,529,285,529,
286,488,301,488,286,529,301,529,
302,488,317,488,302,529,317,529,
322,487,337,487,322,529,337,529,
338,487,353,487,338,529,353,529,
354,487,369,487,354,529,369,529,
370,487,385,487,370,529,385,529,
386,487,401,487,386,529,401,529,
402,487,417,487,402,529,417,529,
418,487,433,487,418,529,433,529,
434,487,449,487,434,529,449,529,
450,487,465,487,450,529,465,529,
466,487,481,487,466,529,481,529,
