346,86,361,86,346,167,361,167,
362,86,377,86,362,167,377,167,
378,86,393,86,378,167,393,167,
394,86,409,86,394,167,409,167,
410,86,425,86,410,167,425,167,
426,86,441,86,426,167,441,167,
442,86,457,86,442,167,457,167,
458,86,473,86,458,167,473,167,
474,86,489,86,474,167,489,167,
490,86,505,86,490,167,505,167,
506,86,521,86,506,167,521,167,
522,86,537,86,522,167,537,167,
538,86,553,86,538,167,553,167,
554,86,569,86,554,167,569,167,
570,86,585,86,570,167,585,167,
586,86,601,86,586,167,601,167,
258,237,273,237,258,300,273,300,
274,237,289,237,274,300,289,300,
290,237,305,237,290,300,305,300,
306,237,321,237,306,300,321,300,
322,237,337,237,322,300,337,300,
338,237,353,237,338,300,353,300,
354,237,369,237,354,300,369,300,
370,237,385,237,370,300,385,300,
386,237,401,237,386,300,401,300,
402,237,417,237,402,300,417,300,
418,237,433,237,418,300,433,300,
434,237,449,237,434,300,449,300,
450,237,465,237,450,300,465,300,
466,237,481,237,466,300,481,300,
482,237,497,237,482,300,497,300,
498,237,513,237,498,300,513,300,
514,237,529,237,514,300,529,300,
530,237,545,237,530,300,545,300,
546,237,561,237,546,300,561,300,
562,237,577,237,562,300,577,300,
1,9,16,9,1,29,16,29,
17,9,32,9,17,29,32,29,
256,369,271,369,256,438,271,438,
272,369,287,369,272,438,287,438,
288,369,303,369,288,438,303,438,
304,369,319,369,304,438,319,438,
320,369,335,369,320,438,335,438,
336,369,351,369,336,438,351,438,
352,369,367,369,352,438,367,438,
368,369,383,369,368,438,383,438,
384,369,399,369,384,438,399,438,
400,369,415,369,400,438,415,438,
416,369,431,369,416,438,431,438,
432,369,447,369,432,438,447,438,
448,369,463,369,448,438,463,438,
464,369,479,369,464,438,479,438,
480,369,495,369,480,438,495,438,
496,369,511,369,496,438,511,438,
512,369,527,369,512,438,527,438,
528,369,543,369,528,438,543,438,
544,369,559,369,544,438,559,438,
560,369,575,369,560,438,575,438,
255,501,270,501,255,571,270,571,
271,501,286,501,271,571,286,571,
287,501,302,501,287,571,302,571,
303,501,318,501,303,571,318,571,
319,501,334,501,319,571,334,571,
335,501,350,501,335,571,350,571,
351,501,366,501,351,571,366,571,
367,501,382,501,367,571,382,571,
383,501,398,501,383,571,398,571,
399,501,414,501,399,571,414,571,
415,501,430,501,415,571,430,571,
431,501,446,501,431,571,446,571,
447,501,462,501,447,571,462,571,
463,501,478,501,463,571,478,571,
479,501,494,501,479,571,494,571,
495,501,510,501,495,571,510,571,
511,501,526,501,511,571,526,571,
527,501,542,501,527,571,542,571,
543,501,558,501,543,571,558,571,
559,501,574,501,559,571,574,571,
14,309,29,309,14,315,29,315,
30,309,45,309,30,315,45,315,
14,316,29,316,14,322,29,322,
30,316,45,316,30,322,45,322,
15,324,30,324,15,330,30,330,
31,324,46,324,31,330,46,330,
1,90,16,90,1,95,16,95,
17,90,32,90,17,95,32,95,
1,103,16,103,1,107,16,107,
17,103,32,103,17,107,32,107,
1,116,16,116,1,120,16,120,
17,116,32,116,17,120,32,120,
1,135,16,135,1,140,16,140,
17,135,32,135,17,140,32,140,
1,380,16,380,1,385,16,385,
17,380,32,380,17,385,32,385,
1,385,16,385,1,392,16,392,
17,385,32,385,17,392,32,392,
1,392,16,392,1,399,16,399,
17,392,32,392,17,399,32,399,
1,545,16,545,1,550,16,550,
1,549,16,549,1,556,16,556,
1,422,16,422,1,429,16,429,
1,125,16,125,1,129,16,129,
4,125,19,125,4,129,19,129,
13,125,28,125,13,130,28,130,
