356,222,371,222,356,275,371,275,
372,222,387,222,372,275,387,275,
388,222,403,222,388,275,403,275,
404,222,419,222,404,275,419,275,
420,222,435,222,420,275,435,275,
436,222,451,222,436,275,451,275,
452,222,467,222,452,275,467,275,
468,222,483,222,468,275,483,275,
491,230,506,230,491,277,506,277,
507,230,522,230,507,277,522,277,
523,230,538,230,523,277,538,277,
539,230,554,230,539,277,554,277,
555,230,570,230,555,277,570,277,
571,230,586,230,571,277,586,277,
587,230,602,230,587,277,602,277,
603,230,618,230,603,277,618,277,
608,234,623,234,608,271,623,271,
624,234,639,234,624,271,639,271,
640,234,655,234,640,271,655,271,
