163,338,178,338,163,393,178,393,
179,338,194,338,179,393,194,393,
195,338,210,338,195,393,210,393,
211,338,226,338,211,393,226,393,
227,338,242,338,227,393,242,393,
243,338,258,338,243,393,258,393,
259,338,274,338,259,393,274,393,
275,338,290,338,275,393,290,393,
291,338,306,338,291,393,306,393,
307,338,322,338,307,393,322,393,
323,338,338,338,323,393,338,393,
339,338,354,338,339,393,354,393,
355,338,370,338,355,393,370,393,
371,338,386,338,371,393,386,393,
387,338,402,338,387,393,402,393,
403,338,418,338,403,393,418,393,
419,338,434,338,419,393,434,393,
435,338,450,338,435,393,450,393,
451,338,466,338,451,393,466,393,
467,338,482,338,467,393,482,393,
483,338,498,338,483,393,498,393,
499,338,514,338,499,393,514,393,
515,338,530,338,515,393,530,393,
531,338,546,338,531,393,546,393,
547,338,562,338,547,393,562,393,
563,338,578,338,563,393,578,393,
579,338,594,338,579,393,594,393,
595,338,610,338,595,393,610,393,
611,338,626,338,611,393,626,393,
627,338,642,338,627,393,642,393,
643,338,658,338,643,393,658,393,
659,338,674,338,659,393,674,393,
125,402,140,402,125,452,140,452,
141,402,156,402,141,452,156,452,
157,402,172,402,157,452,172,452,
173,402,188,402,173,452,188,452,
189,402,204,402,189,452,204,452,
205,402,220,402,205,452,220,452,
221,402,236,402,221,452,236,452,
238,402,253,402,238,452,253,452,
254,402,269,402,254,452,269,452,
270,402,285,402,270,452,285,452,
286,402,301,402,286,452,301,452,
302,402,317,402,302,452,317,452,
318,402,333,402,318,452,333,452,
334,402,349,402,334,452,349,452,
356,399,371,399,356,449,371,449,
372,399,387,399,372,449,387,449,
388,399,403,399,388,449,403,449,
404,399,419,399,404,449,419,449,
420,399,435,399,420,449,435,449,
436,399,451,399,436,449,451,449,
452,399,467,399,452,449,467,449,
468,399,483,399,468,449,483,449,
484,399,499,399,484,449,499,449,
500,399,515,399,500,449,515,449,
516,399,531,399,516,449,531,449,
532,399,547,399,532,449,547,449,
548,399,563,399,548,449,563,449,
564,399,579,399,564,449,579,449,
580,399,595,399,580,449,595,449,
606,398,621,398,606,444,621,444,
622,398,637,398,622,444,637,444,
638,398,653,398,638,444,653,444,
654,398,669,398,654,444,669,444,
670,398,685,398,670,444,685,444,
686,398,701,398,686,444,701,444,
99,462,114,462,99,511,114,511,
115,462,130,462,115,511,130,511,
131,462,146,462,131,511,146,511,
147,462,162,462,147,511,162,511,
163,462,178,462,163,511,178,511,
179,462,194,462,179,511,194,511,
195,462,210,462,195,511,210,511,
211,462,226,462,211,511,226,511,
227,462,242,462,227,511,242,511,
243,462,258,462,243,511,258,511,
259,462,274,462,259,511,274,511,
275,462,290,462,275,511,290,511,
300,459,315,459,300,509,315,509,
316,459,331,459,316,509,331,509,
332,459,347,459,332,509,347,509,
348,459,363,459,348,509,363,509,
364,459,379,459,364,509,379,509,
380,459,395,459,380,509,395,509,
405,457,420,457,405,505,420,505,
421,457,436,457,421,505,436,505,
437,457,452,457,437,505,452,505,
453,457,468,457,453,505,468,505,
469,457,484,457,469,505,484,505,
485,457,500,457,485,505,500,505,
501,457,516,457,501,505,516,505,
517,457,532,457,517,505,532,505,
533,457,548,457,533,505,548,505,
551,452,566,452,551,501,566,501,
567,452,582,452,567,501,582,501,
583,452,598,452,583,501,598,501,
599,452,614,452,599,501,614,501,
615,452,630,452,615,501,630,501,
631,452,646,452,631,501,646,501,
647,452,662,452,647,501,662,501,
663,452,678,452,663,501,678,501,
679,452,694,452,679,501,694,501,
695,452,710,452,695,501,710,501,
711,452,726,452,711,501,726,501,
