359,410,374,410,359,422,374,422,
375,410,390,410,375,422,390,422,
391,410,406,410,391,422,406,422,
397,410,412,410,397,419,412,419,
413,410,428,410,413,419,428,419,
419,409,434,409,419,418,434,418,
435,409,450,409,435,418,450,418,
444,408,459,408,444,418,459,418,
460,408,475,408,460,418,475,418,
476,408,491,408,476,418,491,418,
492,408,507,408,492,418,507,418,
329,382,344,382,329,395,344,395,
345,382,360,382,345,395,360,395,
361,382,376,382,361,395,376,395,
377,382,392,382,377,395,392,395,
393,382,408,382,393,395,408,395,
412,380,427,380,412,394,427,394,
428,380,443,380,428,394,443,394,
444,380,459,380,444,394,459,394,
460,380,475,380,460,394,475,394,
476,382,491,382,476,393,491,393,
495,379,510,379,495,393,510,393,
511,379,526,379,511,393,526,393,
527,379,542,379,527,393,542,393,
338,340,353,340,338,353,353,353,
354,340,369,340,354,353,369,353,
370,340,385,340,370,353,385,353,
386,340,401,340,386,353,401,353,
400,339,415,339,400,353,415,353,
416,339,431,339,416,353,431,353,
432,339,447,339,432,353,447,353,
448,339,463,339,448,353,463,353,
464,339,479,339,464,353,479,353,
480,339,495,339,480,353,495,353,
496,339,511,339,496,353,511,353,
512,339,527,339,512,353,527,353,
279,325,294,325,279,336,294,336,
295,325,310,325,295,336,310,336,
472,320,487,320,472,335,487,335,
488,320,503,320,488,335,503,335,
504,320,519,320,504,335,519,335,
520,320,535,320,520,335,535,335,
536,320,551,320,536,335,551,335,
552,320,567,320,552,335,567,335,
568,320,583,320,568,335,583,335,
266,304,281,304,266,319,281,319,
282,304,297,304,282,319,297,319,
298,304,313,304,298,319,313,319,
308,305,323,305,308,319,323,319,
324,305,339,305,324,319,339,319,
332,304,347,304,332,322,347,322,
348,304,363,304,348,322,363,322,
364,304,379,304,364,322,379,322,
380,304,395,304,380,322,395,322,
396,304,411,304,396,322,411,322,
412,304,427,304,412,322,427,322,
514,303,529,303,514,316,529,316,
530,303,545,303,530,316,545,316,
546,303,561,303,546,316,561,316,
562,303,577,303,562,316,577,316,
578,303,593,303,578,316,593,316,
252,259,267,259,252,274,267,274,
268,259,283,259,268,274,283,274,
284,259,299,259,284,274,299,274,
300,259,315,259,300,274,315,274,
316,259,331,259,316,274,331,274,
332,259,347,259,332,274,347,274,
348,259,363,259,348,274,363,274,
364,259,379,259,364,274,379,274,
380,259,395,259,380,274,395,274,
396,259,411,259,396,274,411,274,
412,259,427,259,412,274,427,274,
428,259,443,259,428,274,443,274,
444,259,459,259,444,274,459,274,
465,258,480,258,465,271,480,271,
481,258,496,258,481,271,496,271,
497,258,512,258,497,271,512,271,
513,258,528,258,513,271,528,271,
529,258,544,258,529,271,544,271,
545,258,560,258,545,271,560,271,
561,258,576,258,561,271,576,271,
577,258,592,258,577,271,592,271,
593,258,608,258,593,271,608,271,
248,234,263,234,248,254,263,254,
264,234,279,234,264,254,279,254,
280,234,295,234,280,254,295,254,
296,234,311,234,296,254,311,254,
312,234,327,234,312,254,327,254,
328,234,343,234,328,254,343,254,
344,234,359,234,344,254,359,254,
359,234,374,234,359,254,374,254,
375,234,390,234,375,254,390,254,
391,234,406,234,391,254,406,254,
407,234,422,234,407,254,422,254,
423,234,438,234,423,254,438,254,
439,234,454,234,439,254,454,254,
455,234,470,234,455,254,470,254,
480,234,495,234,480,251,495,251,
496,234,511,234,496,251,511,251,
512,234,527,234,512,251,527,251,
528,234,543,234,528,251,543,251,
544,234,559,234,544,251,559,251,
560,234,575,234,560,251,575,251,
576,234,591,234,576,251,591,251,
592,234,607,234,592,251,607,251,
312,215,327,215,312,227,327,227,
328,215,343,215,328,227,343,227,
344,215,359,215,344,227,359,227,
360,215,375,215,360,227,375,227,
376,215,391,215,376,227,391,227,
392,215,407,215,392,227,407,227,
408,215,423,215,408,227,423,227,
424,215,439,215,424,227,439,227,
440,215,455,215,440,227,455,227,
456,215,471,215,456,227,471,227,
472,215,487,215,472,227,487,227,
488,215,503,215,488,227,503,227,
504,215,519,215,504,227,519,227,
520,215,535,215,520,227,535,227,
536,215,551,215,536,227,551,227,
199,197,214,197,199,205,214,205,
215,197,230,197,215,205,230,205,
231,197,246,197,231,205,246,205,
244,197,259,197,244,205,259,205,
260,197,275,197,260,205,275,205,
276,197,291,197,276,205,291,205,
292,197,307,197,292,205,307,205,
308,197,323,197,308,205,323,205,
321,197,336,197,321,205,336,205,
337,197,352,197,337,205,352,205,
353,197,368,197,353,205,368,205,
369,197,384,197,369,205,384,205,
387,196,402,196,387,205,402,205,
403,196,418,196,403,205,418,205,
419,196,434,196,419,205,434,205,
435,196,450,196,435,205,450,205,
451,196,466,196,451,205,466,205,
467,196,482,196,467,205,482,205,
485,195,500,195,485,204,500,204,
501,195,516,195,501,204,516,204,
517,195,532,195,517,204,532,204,
533,195,548,195,533,204,548,204,
549,195,564,195,549,204,564,204,
563,197,578,197,563,203,578,203,
574,193,589,193,574,203,589,203,
590,193,605,193,590,203,605,203,
606,193,621,193,606,203,621,203,
622,193,637,193,622,203,637,203,
638,193,653,193,638,203,653,203,
420,304,435,304,420,317,435,317,
436,304,451,304,436,317,451,317,
463,304,478,304,463,316,478,316,
479,304,494,304,479,316,494,316,
495,304,510,304,495,316,510,316,
445,309,460,309,445,312,460,312,
311,323,326,323,311,336,326,336,
327,323,342,323,327,336,342,336,
343,323,358,323,343,336,358,336,
359,323,374,323,359,336,374,336,
375,323,390,323,375,336,390,336,
391,323,406,323,391,336,406,336,
407,323,422,323,407,336,422,336,
436,323,451,323,436,335,451,335,
452,323,467,323,452,335,467,335,
418,327,433,327,418,330,433,330,
