193,164,208,164,193,206,208,206,
209,164,224,164,209,206,224,206,
225,164,240,164,225,206,240,206,
241,164,256,164,241,206,256,206,
257,164,272,164,257,206,272,206,
273,164,288,164,273,206,288,206,
287,164,302,164,287,193,302,193,
303,164,318,164,303,193,318,193,
319,164,334,164,319,193,334,193,
335,164,350,164,335,193,350,193,
351,164,366,164,351,193,366,193,
367,164,382,164,367,193,382,193,
383,164,398,164,383,193,398,193,
399,164,414,164,399,193,414,193,
415,164,430,164,415,193,430,193,
431,164,446,164,431,193,446,193,
447,164,462,164,447,193,462,193,
463,163,478,163,463,192,478,192,
479,163,494,163,479,192,494,192,
495,163,510,163,495,192,510,192,
511,163,526,163,511,192,526,192,
527,163,542,163,527,192,542,192,
543,163,558,163,543,192,558,192,
559,163,574,163,559,192,574,192,
575,163,590,163,575,192,590,192,
591,163,606,163,591,192,606,192,
607,163,622,163,607,192,622,192,
343,21,358,21,343,48,358,48,
359,21,374,21,359,48,374,48,
375,21,390,21,375,48,390,48,
391,21,406,21,391,48,406,48,
407,21,422,21,407,48,422,48,
423,21,438,21,423,48,438,48,
439,21,454,21,439,48,454,48,
455,21,470,21,455,48,470,48,
335,1,350,1,335,4,350,4,
351,1,366,1,351,4,366,4,
367,1,382,1,367,4,382,4,
383,1,398,1,383,4,398,4,
399,1,414,1,399,4,414,4,
415,1,430,1,415,4,430,4,
431,1,446,1,431,4,446,4,
447,1,462,1,447,4,462,4,
90,338,105,338,90,358,105,358,
106,338,121,338,106,358,121,358,
122,338,137,338,122,358,137,358,
138,338,153,338,138,358,153,358,
154,338,169,338,154,358,169,358,
171,339,186,339,171,357,186,357,
187,339,202,339,187,357,202,357,
244,357,259,357,244,372,259,372,
260,357,275,357,260,372,275,372,
276,357,291,357,276,372,291,372,
292,357,307,357,292,372,307,372,
308,357,323,357,308,372,323,372,
324,357,339,357,324,372,339,372,
334,358,349,358,334,373,349,373,
350,358,365,358,350,373,365,373,
366,358,381,358,366,373,381,373,
382,358,397,358,382,373,397,373,
398,358,413,358,398,373,413,373,
414,358,429,358,414,373,429,373,
430,358,445,358,430,374,445,374,
446,358,461,358,446,374,461,374,
462,358,477,358,462,374,477,374,
479,359,494,359,479,377,494,377,
495,359,510,359,495,377,510,377,
511,359,526,359,511,377,526,377,
527,359,542,359,527,377,542,377,
543,359,558,359,543,377,558,377,
559,359,574,359,559,377,574,377,
575,359,590,359,575,377,590,377,
591,359,606,359,591,377,606,377,
607,359,622,359,607,377,622,377,
623,359,638,359,623,377,638,377,
639,359,654,359,639,377,654,377,
658,361,673,361,658,378,673,378,
674,361,689,361,674,378,689,378,
690,361,705,361,690,378,705,378,
706,361,721,361,706,378,721,378,
94,384,109,384,94,409,109,409,
110,384,125,384,110,409,125,409,
126,384,141,384,126,409,141,409,
142,384,157,384,142,409,157,409,
158,384,173,384,158,409,173,409,
174,384,189,384,174,409,189,409,
190,384,205,384,190,409,205,409,
206,384,221,384,206,409,221,409,
222,384,237,384,222,409,237,409,
238,384,253,384,238,409,253,409,
257,384,272,384,257,409,272,409,
273,384,288,384,273,409,288,409,
289,384,304,384,289,409,304,409,
320,385,335,385,320,412,335,412,
336,385,351,385,336,412,351,412,
352,385,367,385,352,412,367,412,
368,385,383,385,368,412,383,412,
384,385,399,385,384,412,399,412,
400,385,415,385,400,412,415,412,
416,385,431,385,416,412,431,412,
432,385,447,385,432,412,447,412,
448,385,463,385,448,412,463,412,
464,385,479,385,464,412,479,412,
480,385,495,385,480,412,495,412,
496,385,511,385,496,412,511,412,
512,385,527,385,512,412,527,412,
528,385,543,385,528,412,543,412,
548,387,563,387,548,416,563,416,
564,387,579,387,564,416,579,416,
580,387,595,387,580,416,595,416,
596,387,611,387,596,416,611,416,
612,387,627,387,612,416,627,416,
628,387,643,387,628,416,643,416,
644,387,659,387,644,416,659,416,
660,387,675,387,660,416,675,416,
676,387,691,387,676,416,691,416,
692,387,707,387,692,416,707,416,
708,387,723,387,708,416,723,416,
87,413,102,413,87,423,102,423,
103,413,118,413,103,423,118,423,
119,413,134,413,119,423,134,423,
135,413,150,413,135,423,150,423,
147,414,162,414,147,423,162,423,
163,414,178,414,163,423,178,423,
175,414,190,414,175,423,190,423,
191,414,206,414,191,423,206,423,
201,414,216,414,201,423,216,423,
217,414,232,414,217,423,232,423,
233,414,248,414,233,423,248,423,
249,414,264,414,249,423,264,423,
265,414,280,414,265,423,280,423,
272,415,287,415,272,423,287,423,
288,415,303,415,288,423,303,423,
298,415,313,415,298,423,313,423,
314,415,329,415,314,423,329,423,
330,415,345,415,330,423,345,423,
344,415,359,415,344,424,359,424,
357,416,372,416,357,425,372,425,
373,416,388,416,373,425,388,425,
389,416,404,416,389,425,404,425,
405,416,420,416,405,425,420,425,
421,416,436,416,421,425,436,425,
433,417,448,417,433,426,448,426,
449,417,464,417,449,426,464,426,
465,417,480,417,465,426,480,426,
479,417,494,417,479,426,494,426,
495,417,510,417,495,426,510,426,
504,418,519,418,504,426,519,426,
515,417,530,417,515,428,530,428,
531,417,546,417,531,428,546,428,
547,417,562,417,547,428,562,428,
563,417,578,417,563,428,578,428,
579,417,594,417,579,428,594,428,
595,419,610,419,595,430,610,430,
611,419,626,419,611,430,626,430,
627,419,642,419,627,430,642,430,
643,419,658,419,643,430,658,430,
659,419,674,419,659,430,674,430,
677,421,692,421,677,430,692,430,
692,421,707,421,692,430,707,430,
708,422,723,422,708,431,723,431,
247,429,262,429,247,457,262,457,
263,429,278,429,263,457,278,457,
279,429,294,429,279,457,294,457,
295,429,310,429,295,457,310,457,
311,429,326,429,311,457,326,457,
327,429,342,429,327,457,342,457,
343,429,358,429,343,457,358,457,
363,431,378,431,363,457,378,457,
379,431,394,431,379,457,394,457,
405,431,420,431,405,461,420,461,
421,431,436,431,421,461,436,461,
437,431,452,431,437,461,452,461,
453,431,468,431,453,461,468,461,
469,431,484,431,469,461,484,461,
485,431,500,431,485,461,500,461,
501,431,516,431,501,461,516,461,
517,431,532,431,517,461,532,461,
533,431,548,431,533,461,548,461,
