48,87,63,87,48,133,63,133,
64,87,79,87,64,133,79,133,
80,87,95,87,80,133,95,133,
96,87,111,87,96,133,111,133,
112,87,127,87,112,133,127,133,
128,87,143,87,128,133,143,133,
144,87,159,87,144,133,159,133,
160,87,175,87,160,133,175,133,
176,87,191,87,176,133,191,133,
192,87,207,87,192,133,207,133,
208,87,223,87,208,133,223,133,
224,87,239,87,224,133,239,133,
240,87,255,87,240,133,255,133,
256,87,271,87,256,133,271,133,
272,87,287,87,272,133,287,133,
288,87,303,87,288,133,303,133,
304,87,319,87,304,133,319,133,
333,94,348,94,333,136,348,136,
349,94,364,94,349,136,364,136,
365,94,380,94,365,136,380,136,
381,94,396,94,381,136,396,136,
397,94,412,94,397,136,412,136,
413,94,428,94,413,136,428,136,
429,94,444,94,429,136,444,136,
445,94,460,94,445,136,460,136,
461,94,476,94,461,136,476,136,
55,188,70,188,55,303,70,303,
71,188,86,188,71,303,86,303,
87,188,102,188,87,303,102,303,
103,188,118,188,103,303,118,303,
119,188,134,188,119,303,134,303,
135,188,150,188,135,303,150,303,
151,188,166,188,151,303,166,303,
167,188,182,188,167,303,182,303,
183,188,198,188,183,303,198,303,
199,188,214,188,199,303,214,303,
215,188,230,188,215,303,230,303,
231,188,246,188,231,303,246,303,
247,188,262,188,247,303,262,303,
263,188,278,188,263,303,278,303,
279,188,294,188,279,303,294,303,
295,188,310,188,295,303,310,303,
311,188,326,188,311,303,326,303,
327,188,342,188,327,303,342,303,
343,188,358,188,343,303,358,303,
359,188,374,188,359,303,374,303,
375,188,390,188,375,303,390,303,
391,188,406,188,391,303,406,303,
407,188,422,188,407,303,422,303,
423,188,438,188,423,303,438,303,
439,188,454,188,439,303,454,303,
455,188,470,188,455,303,470,303,
471,188,486,188,471,303,486,303,
487,188,502,188,487,303,502,303,
503,188,518,188,503,303,518,303,
519,188,534,188,519,303,534,303,
535,188,550,188,535,303,550,303,
551,188,566,188,551,303,566,303,
567,188,582,188,567,303,582,303,
583,188,598,188,583,303,598,303,
599,188,614,188,599,303,614,303,
615,188,630,188,615,303,630,303,
631,188,646,188,631,303,646,303,
647,188,662,188,647,303,662,303,
663,188,678,188,663,303,678,303,
679,188,694,188,679,303,694,303,
695,188,710,188,695,303,710,303,
711,188,726,188,711,303,726,303,
727,188,742,188,727,303,742,303,
743,188,758,188,743,303,758,303,
759,188,774,188,759,303,774,303,
775,188,790,188,775,303,790,303,
110,354,125,354,110,395,125,395,
126,354,141,354,126,395,141,395,
142,354,157,354,142,395,157,395,
158,354,173,354,158,395,173,395,
174,354,189,354,174,395,189,395,
190,354,205,354,190,395,205,395,
206,354,221,354,206,395,221,395,
222,354,237,354,222,395,237,395,
238,354,253,354,238,395,253,395,
254,354,269,354,254,395,269,395,
270,354,285,354,270,395,285,395,
286,354,301,354,286,395,301,395,
302,354,317,354,302,395,317,395,
318,354,333,354,318,395,333,395,
334,354,349,354,334,395,349,395,
350,354,365,354,350,395,365,395,
366,354,381,354,366,395,381,395,
382,354,397,354,382,395,397,395,
398,354,413,354,398,395,413,395,
414,354,429,354,414,395,429,395,
430,354,445,354,430,395,445,395,
446,354,461,354,446,395,461,395,
462,354,477,354,462,395,477,395,
478,354,493,354,478,395,493,395,
494,354,509,354,494,395,509,395,
510,354,525,354,510,395,525,395,
526,354,541,354,526,395,541,395,
542,354,557,354,542,395,557,395,
558,354,573,354,558,395,573,395,
574,354,589,354,574,395,589,395,
590,354,605,354,590,395,605,395,
606,354,621,354,606,395,621,395,
622,354,637,354,622,395,637,395,
638,354,653,354,638,395,653,395,
654,354,669,354,654,395,669,395,
670,354,685,354,670,395,685,395,
686,354,701,354,686,395,701,395,
702,354,717,354,702,395,717,395,
718,354,733,354,718,395,733,395,
263,411,278,411,263,436,278,436,
279,411,294,411,279,436,294,436,
295,411,310,411,295,436,310,436,
311,411,326,411,311,436,326,436,
327,411,342,411,327,436,342,436,
343,411,358,411,343,436,358,436,
359,411,374,411,359,436,374,436,
375,411,390,411,375,436,390,436,
391,411,406,411,391,436,406,436,
407,411,422,411,407,436,422,436,
423,411,438,411,423,436,438,436,
439,411,454,411,439,436,454,436,
455,411,470,411,455,436,470,436,
471,411,486,411,471,436,486,436,
487,411,502,411,487,436,502,436,
503,411,518,411,503,436,518,436,
519,411,534,411,519,436,534,436,
535,411,550,411,535,436,550,436,
551,411,566,411,551,436,566,436,
567,411,582,411,567,436,582,436,
583,411,598,411,583,436,598,436,
114,445,129,445,114,466,129,466,
130,445,145,445,130,466,145,466,
146,445,161,445,146,466,161,466,
162,445,177,445,162,466,177,466,
178,445,193,445,178,466,193,466,
194,445,209,445,194,466,209,466,
210,445,225,445,210,466,225,466,
226,445,241,445,226,466,241,466,
242,445,257,445,242,466,257,466,
258,445,273,445,258,466,273,466,
274,445,289,445,274,466,289,466,
290,445,305,445,290,466,305,466,
306,445,321,445,306,466,321,466,
322,445,337,445,322,466,337,466,
338,445,353,445,338,466,353,466,
354,445,369,445,354,466,369,466,
370,445,385,445,370,466,385,466,
386,445,401,445,386,466,401,466,
402,445,417,445,402,466,417,466,
418,445,433,445,418,466,433,466,
434,445,449,445,434,466,449,466,
450,445,465,445,450,466,465,466,
466,445,481,445,466,466,481,466,
492,443,507,443,492,463,507,463,
508,443,523,443,508,463,523,463,
524,443,539,443,524,463,539,463,
540,443,555,443,540,463,555,463,
556,443,571,443,556,463,571,463,
572,443,587,443,572,463,587,463,
588,443,603,443,588,463,603,463,
604,443,619,443,604,463,619,463,
631,447,646,447,631,469,646,469,
647,447,662,447,647,469,662,469,
663,447,678,447,663,469,678,469,
679,447,694,447,679,469,694,469,
695,447,710,447,695,469,710,469,
711,447,726,447,711,469,726,469,
309,510,324,510,309,554,324,554,
325,510,340,510,325,554,340,554,
341,510,356,510,341,554,356,554,
357,510,372,510,357,554,372,554,
373,510,388,510,373,554,388,554,
389,510,404,510,389,554,404,554,
405,510,420,510,405,554,420,554,
421,510,436,510,421,554,436,554,
437,510,452,510,437,554,452,554,
453,510,468,510,453,554,468,554,
469,510,484,510,469,554,484,554,
485,510,500,510,485,554,500,554,
501,510,516,510,501,554,516,554,
517,510,532,510,517,554,532,554,
533,516,548,516,533,526,548,526,
549,516,564,516,549,526,564,526,
