186,339,201,339,186,363,201,363,
202,339,217,339,202,363,217,363,
218,339,233,339,218,363,233,363,
231,328,246,328,231,362,246,362,
247,328,262,328,247,362,262,362,
263,328,278,328,263,362,278,362,
279,328,294,328,279,362,294,362,
295,328,310,328,295,362,310,362,
312,325,327,325,312,347,327,347,
328,325,343,325,328,347,343,347,
342,309,357,309,342,343,357,343,
358,309,373,309,358,343,373,343,
374,309,389,309,374,343,389,343,
390,309,405,309,390,343,405,343,
406,309,421,309,406,343,421,343,
422,309,437,309,422,343,437,343,
438,309,453,309,438,343,453,343,
