138,281,153,281,138,313,153,313,
154,281,169,281,154,313,169,313,
170,281,185,281,170,313,185,313,
186,281,201,281,186,313,201,313,
202,281,217,281,202,313,217,313,
218,281,233,281,218,313,233,313,
234,281,249,281,234,313,249,313,
250,281,265,281,250,313,265,313,
266,281,281,281,266,313,281,313,
282,281,297,281,282,313,297,313,
298,281,313,281,298,313,313,313,
314,281,329,281,314,313,329,313,
330,281,345,281,330,313,345,313,
346,281,361,281,346,313,361,313,
362,281,377,281,362,313,377,313,
420,290,435,290,420,318,435,318,
436,290,451,290,436,318,451,318,
452,290,467,290,452,318,467,318,
468,290,483,290,468,318,483,318,
484,290,499,290,484,318,499,318,
500,290,515,290,500,318,515,318,
516,290,531,290,516,318,531,318,
532,290,547,290,532,318,547,318,
548,290,563,290,548,318,563,318,
564,290,579,290,564,318,579,318,
580,290,595,290,580,318,595,318,
596,290,611,290,596,318,611,318,
612,290,627,290,612,318,627,318,
55,121,70,121,55,158,70,158,
71,121,86,121,71,158,86,158,
87,121,102,121,87,158,102,158,
