81,22,96,22,81,560,96,560,
97,22,112,22,97,560,112,560,
113,22,128,22,113,560,128,560,
129,22,144,22,129,560,144,560,
145,22,160,22,145,560,160,560,
161,22,176,22,161,560,176,560,
177,22,192,22,177,560,192,560,
193,22,208,22,193,560,208,560,
209,22,224,22,209,560,224,560,
225,22,240,22,225,560,240,560,
241,22,256,22,241,560,256,560,
257,22,272,22,257,560,272,560,
273,22,288,22,273,560,288,560,
289,22,304,22,289,560,304,560,
305,22,320,22,305,560,320,560,
321,22,336,22,321,560,336,560,
34,235,49,235,34,247,49,247,
56,243,71,243,56,256,71,256,
72,243,87,243,72,256,87,256,
63,259,78,259,63,265,78,265,
79,259,94,259,79,265,94,265,
59,266,74,266,59,276,74,276,
75,266,90,266,75,276,90,276,
81,293,96,293,81,300,96,300,
74,313,89,313,74,319,89,319,
90,313,105,313,90,319,105,319,
34,298,49,298,34,317,49,317,
447,100,462,100,447,110,462,110,
460,100,475,100,460,110,475,110,
472,100,487,100,472,109,487,109,
448,118,463,118,448,122,463,122,
457,118,472,118,457,122,472,122,
462,117,477,117,462,122,477,122,
467,117,482,117,467,122,482,122,
475,117,490,117,475,121,490,121,
452,127,467,127,452,131,467,131,
468,127,483,127,468,131,483,131,
452,131,467,131,452,135,467,135,
468,131,483,131,468,135,483,135,
450,139,465,139,450,142,465,142,
457,139,472,139,457,142,472,142,
467,138,482,138,467,142,482,142,
448,143,463,143,448,146,463,146,
459,142,474,142,459,145,474,145,
468,142,483,142,468,145,483,145,
475,142,490,142,475,145,490,145,
446,154,461,154,446,159,461,159,
448,161,463,161,448,165,463,165,
455,155,470,155,455,158,470,158,
459,156,474,156,459,157,474,157,
464,155,479,155,464,158,479,158,
469,156,484,156,469,157,484,157,
475,154,490,154,475,158,490,158,
455,160,470,160,455,164,470,164,
459,161,474,161,459,163,474,163,
463,160,478,160,463,164,478,164,
468,161,483,161,468,163,483,163,
473,160,488,160,473,163,488,163,
519,47,534,47,519,69,534,69,
128,547,143,547,128,600,143,600,
144,547,159,547,144,600,159,600,
160,547,175,547,160,600,175,600,
176,547,191,547,176,600,191,600,
192,547,207,547,192,600,207,600,
208,547,223,547,208,600,223,600,
224,547,239,547,224,600,239,600,
240,547,255,547,240,600,255,600,
256,547,271,547,256,600,271,600,
272,547,287,547,272,600,287,600,
288,547,303,547,288,600,303,600,
304,547,319,547,304,600,319,600,
320,547,335,547,320,600,335,600,
336,547,351,547,336,600,351,600,
352,547,367,547,352,600,367,600,
38,146,53,146,38,152,53,152,
54,146,69,146,54,152,69,152,
70,146,85,146,70,152,85,152,
41,116,56,116,41,138,56,138,
57,116,72,116,57,138,72,138,
73,116,88,116,73,138,88,138,
72,123,87,123,72,126,87,126,
34,102,49,102,34,109,49,109,
50,102,65,102,50,109,65,109,
66,102,81,102,66,109,81,109,
55,152,70,152,55,156,70,156,
