324,323,339,323,324,400,339,400,
340,323,355,323,340,400,355,400,
356,323,371,323,356,400,371,400,
372,323,387,323,372,400,387,400,
388,323,403,323,388,400,403,400,
404,323,419,323,404,400,419,400,
420,323,435,323,420,400,435,400,
315,438,330,438,315,512,330,512,
331,438,346,438,331,512,346,512,
347,438,362,438,347,512,362,512,
363,438,378,438,363,512,378,512,
379,438,394,438,379,512,394,512,
395,438,410,438,395,512,410,512,
411,438,426,438,411,512,426,512,
325,369,340,369,325,412,340,412,
341,369,356,369,341,412,356,412,
357,369,372,369,357,412,372,412,
373,369,388,369,373,412,388,412,
389,369,404,369,389,412,404,412,
317,490,332,490,317,523,332,523,
333,490,348,490,333,523,348,523,
349,490,364,490,349,523,364,523,
365,490,380,490,365,523,380,523,
403,396,418,396,403,425,418,425,
419,396,434,396,419,425,434,425,
435,396,450,396,435,425,450,425,
381,507,396,507,381,533,396,533,
397,507,412,507,397,533,412,533,
413,507,428,507,413,533,428,533,
