325,449,340,449,325,487,340,487,
341,449,356,449,341,487,356,487,
357,449,372,449,357,487,372,487,
373,449,388,449,373,487,388,487,
389,449,404,449,389,487,404,487,
405,449,420,449,405,487,420,487,
421,449,436,449,421,487,436,487,
437,449,452,449,437,487,452,487,
453,449,468,449,453,487,468,487,
469,449,484,449,469,487,484,487,
485,449,500,449,485,487,500,487,
501,449,516,449,501,487,516,487,
517,449,532,449,517,487,532,487,
533,449,548,449,533,487,548,487,
320,523,335,523,320,560,335,560,
336,523,351,523,336,560,351,560,
352,523,367,523,352,560,367,560,
368,523,383,523,368,560,383,560,
384,523,399,523,384,560,399,560,
400,523,415,523,400,560,415,560,
416,523,431,523,416,560,431,560,
432,523,447,523,432,560,447,560,
448,523,463,523,448,560,463,560,
464,523,479,523,464,560,479,560,
480,523,495,523,480,560,495,560,
496,523,511,523,496,560,511,560,
512,523,527,523,512,560,527,560,
528,523,543,523,528,560,543,560,
544,523,559,523,544,560,559,560,
