219,372,234,372,219,445,234,445,
235,372,250,372,235,445,250,445,
251,372,266,372,251,445,266,445,
267,372,282,372,267,445,282,445,
283,372,298,372,283,445,298,445,
299,372,314,372,299,445,314,445,
315,372,330,372,315,445,330,445,
331,372,346,372,331,445,346,445,
347,372,362,372,347,445,362,445,
363,372,378,372,363,445,378,445,
379,372,394,372,379,445,394,445,
395,372,410,372,395,445,410,445,
411,372,426,372,411,445,426,445,
209,485,224,485,209,521,224,521,
225,485,240,485,225,521,240,521,
241,485,256,485,241,521,256,521,
256,450,271,450,256,517,271,517,
272,450,287,450,272,517,287,517,
288,450,303,450,288,517,303,517,
304,450,319,450,304,517,319,517,
320,450,335,450,320,517,335,517,
336,450,351,450,336,517,351,517,
352,450,367,450,352,517,367,517,
368,450,383,450,368,517,383,517,
384,450,399,450,384,517,399,517,
400,450,415,450,400,517,415,517,
416,450,431,450,416,517,431,517,
257,620,272,620,257,659,272,659,
273,620,288,620,273,659,288,659,
289,620,304,620,289,659,304,659,
305,620,320,620,305,659,320,659,
318,613,333,613,318,656,333,656,
334,613,349,613,334,656,349,656,
350,613,365,613,350,656,365,656,
366,613,381,613,366,656,381,656,
383,610,398,610,383,649,398,649,
399,610,414,610,399,649,414,649,
415,610,430,610,415,649,430,649,
232,202,247,202,232,230,247,230,
436,194,451,194,436,225,451,225,
