105,582,120,582,105,651,120,651,
121,582,136,582,121,651,136,651,
137,582,152,582,137,651,152,651,
153,582,168,582,153,651,168,651,
198,581,213,581,198,648,213,648,
214,581,229,581,214,648,229,648,
230,581,245,581,230,648,245,648,
246,581,261,581,246,648,261,648,
262,581,277,581,262,648,277,648,
278,581,293,581,278,648,293,648,
294,581,309,581,294,648,309,648,
310,581,325,581,310,648,325,648,
326,581,341,581,326,648,341,648,
342,581,357,581,342,648,357,648,
358,581,373,581,358,648,373,648,
386,582,401,582,386,647,401,647,
402,582,417,582,402,647,417,647,
418,582,433,582,418,647,433,647,
434,582,449,582,434,647,449,647,
