468,131,483,131,468,136,483,136,
484,131,499,131,484,136,499,136,
422,113,437,113,422,305,437,305,
438,113,453,113,438,305,453,305,
454,113,469,113,454,305,469,305,
470,113,485,113,470,305,485,305,
486,113,501,113,486,305,501,305,
502,113,517,113,502,305,517,305,
518,113,533,113,518,305,533,305,
534,113,549,113,534,305,549,305,
550,113,565,113,550,305,565,305,
376,326,391,326,376,365,391,365,
392,326,407,326,392,365,407,365,
408,326,423,326,408,365,423,365,
424,326,439,326,424,365,439,365,
440,326,455,326,440,365,455,365,
456,326,471,326,456,365,471,365,
472,326,487,326,472,365,487,365,
488,326,503,326,488,365,503,365,
504,326,519,326,504,365,519,365,
520,326,535,326,520,365,535,365,
536,326,551,326,536,365,551,365,
552,326,567,326,552,365,567,365,
568,326,583,326,568,365,583,365,
584,326,599,326,584,365,599,365,
408,411,423,411,408,458,423,458,
424,411,439,411,424,458,439,458,
440,411,455,411,440,458,455,458,
456,411,471,411,456,458,471,458,
472,411,487,411,472,458,487,458,
488,411,503,411,488,458,503,458,
504,411,519,411,504,458,519,458,
520,411,535,411,520,458,535,458,
536,411,551,411,536,458,551,458,
552,411,567,411,552,458,567,458,
