228,231,243,231,228,276,243,276,
244,231,259,231,244,276,259,276,
260,231,275,231,260,276,275,276,
276,231,291,231,276,276,291,276,
292,231,307,231,292,276,307,276,
308,231,323,231,308,276,323,276,
324,231,339,231,324,276,339,276,
340,231,355,231,340,276,355,276,
356,231,371,231,356,276,371,276,
372,231,387,231,372,276,387,276,
388,231,403,231,388,276,403,276,
404,231,419,231,404,276,419,276,
443,237,458,237,443,276,458,276,
459,237,474,237,459,276,474,276,
475,237,490,237,475,276,490,276,
491,237,506,237,491,276,506,276,
507,237,522,237,507,276,522,276,
523,237,538,237,523,276,538,276,
539,237,554,237,539,276,554,276,
555,237,570,237,555,276,570,276,
571,237,586,237,571,276,586,276,
147,231,162,231,147,278,162,278,
163,231,178,231,163,278,178,278,
179,231,194,231,179,278,194,278,
195,231,210,231,195,278,210,278,
211,231,226,231,211,278,226,278,
116,503,131,503,116,511,131,511,
114,396,129,396,114,402,129,402,
126,394,141,394,126,403,141,403,
142,394,157,394,142,403,157,403,
158,394,173,394,158,403,173,403,
202,396,217,396,202,402,217,402,
197,384,212,384,197,392,212,392,
213,384,228,384,213,392,228,392,
211,407,226,407,211,422,226,422,
227,407,242,407,227,422,242,422,
243,407,258,407,243,422,258,422,
253,407,268,407,253,422,268,422,
269,407,284,407,269,422,284,422,
285,407,300,407,285,422,300,422,
243,501,258,501,243,507,258,507,
251,500,266,500,251,507,266,507,
267,500,282,500,267,507,282,507,
364,498,379,498,364,505,379,505,
371,498,386,498,371,504,386,504,
387,498,402,498,387,504,402,504,
328,406,343,406,328,422,343,422,
344,406,359,406,344,422,359,422,
360,406,375,406,360,422,375,422,
370,407,385,407,370,421,385,421,
386,407,401,407,386,421,401,421,
402,407,417,407,402,421,417,421,
405,395,420,395,405,400,420,400,
406,382,421,382,406,391,421,391,
468,497,483,497,468,504,483,504,
474,497,489,497,474,504,489,504,
490,497,505,497,490,504,505,504,
542,378,557,378,542,394,557,394,
558,378,573,378,558,394,573,394,
574,378,589,378,574,394,589,394,
590,378,605,378,590,394,605,394,
546,363,561,363,546,373,561,373,
562,363,577,363,562,373,577,373,
567,363,582,363,567,373,582,373,
583,363,598,363,583,373,598,373,
