311,173,326,173,311,343,326,343,
327,173,342,173,327,343,342,343,
343,173,358,173,343,343,358,343,
359,173,374,173,359,343,374,343,
375,173,390,173,375,343,390,343,
391,173,406,173,391,343,406,343,
407,173,422,173,407,343,422,343,
423,173,438,173,423,343,438,343,
439,173,454,173,439,343,454,343,
455,173,470,173,455,343,470,343,
471,173,486,173,471,343,486,343,
487,173,502,173,487,343,502,343,
347,471,362,471,347,499,362,499,
363,471,378,471,363,499,378,499,
379,471,394,471,379,499,394,499,
395,471,410,471,395,499,410,499,
411,471,426,471,411,499,426,499,
427,471,442,471,427,499,442,499,
443,471,458,471,443,499,458,499,
212,341,227,341,212,410,227,410,
228,341,243,341,228,410,243,410,
244,341,259,341,244,410,259,410,
260,341,275,341,260,410,275,410,
276,341,291,341,276,410,291,410,
292,341,307,341,292,410,307,410,
308,341,323,341,308,410,323,410,
324,341,339,341,324,410,339,410,
340,341,355,341,340,410,355,410,
356,341,371,341,356,410,371,410,
372,341,387,341,372,410,387,410,
388,341,403,341,388,410,403,410,
404,341,419,341,404,410,419,410,
420,341,435,341,420,410,435,410,
436,341,451,341,436,410,451,410,
452,341,467,341,452,410,467,410,
468,341,483,341,468,410,483,410,
484,341,499,341,484,410,499,410,
500,341,515,341,500,410,515,410,
516,341,531,341,516,410,531,410,
532,341,547,341,532,410,547,410,
548,341,563,341,548,410,563,410,
564,341,579,341,564,410,579,410,
580,341,595,341,580,410,595,410,
331,419,346,419,331,448,346,448,
347,419,362,419,347,448,362,448,
363,419,378,419,363,448,378,448,
379,419,394,419,379,448,394,448,
395,419,410,419,395,448,410,448,
411,419,426,419,411,448,426,448,
427,419,442,419,427,448,442,448,
443,419,458,419,443,448,458,448,
459,419,474,419,459,448,474,448,
