359,245,374,245,359,275,374,275,
375,245,390,245,375,275,390,275,
391,245,406,245,391,275,406,275,
407,245,422,245,407,275,422,275,
205,225,220,225,205,243,220,243,
221,225,236,225,221,243,236,243,
237,225,252,225,237,243,252,243,
205,247,220,247,205,264,220,264,
221,247,236,247,221,264,236,264,
237,247,252,247,237,264,252,264,
202,320,217,320,202,343,217,343,
218,320,233,320,218,343,233,343,
234,320,249,320,234,343,249,343,
250,320,265,320,250,343,265,343,
266,320,281,320,266,343,281,343,
282,320,297,320,282,343,297,343,
288,317,303,317,288,350,303,350,
304,317,319,317,304,350,319,350,
320,317,335,317,320,350,335,350,
336,317,351,317,336,350,351,350,
352,317,367,317,352,350,367,350,
368,317,383,317,368,350,383,350,
384,317,399,317,384,350,399,350,
400,317,415,317,400,350,415,350,
416,317,431,317,416,350,431,350,
432,317,447,317,432,350,447,350,
448,317,463,317,448,350,463,350,
466,321,481,321,466,352,481,352,
482,321,497,321,482,352,497,352,
498,321,513,321,498,352,513,352,
514,321,529,321,514,352,529,352,
530,321,545,321,530,352,545,352,
546,321,561,321,546,352,561,352,
4,211,19,211,4,239,19,239,
20,211,35,211,20,239,35,239,
36,211,51,211,36,239,51,239,
52,211,67,211,52,239,67,239,
68,211,83,211,68,239,83,239,
84,211,99,211,84,239,99,239,
100,211,115,211,100,239,115,239,
116,211,131,211,116,239,131,239,
9,231,24,231,9,242,24,242,
25,231,40,231,25,242,40,242,
35,233,50,233,35,245,50,245,
51,233,66,233,51,245,66,245,
67,233,82,233,67,245,82,245,
83,233,98,233,83,245,98,245,
11,255,26,255,11,269,26,269,
27,255,42,255,27,269,42,269,
43,255,58,255,43,269,58,269,
59,255,74,255,59,269,74,269,
75,258,90,258,75,269,90,269,
1,274,16,274,1,308,16,308,
17,274,32,274,17,308,32,308,
33,274,48,274,33,308,48,308,
49,274,64,274,49,308,64,308,
65,274,80,274,65,308,80,308,
81,274,96,274,81,308,96,308,
97,274,112,274,97,308,112,308,
113,274,128,274,113,308,128,308,
129,274,144,274,129,308,144,308,
2,312,17,312,2,325,17,325,
18,312,33,312,18,325,33,325,
34,312,49,312,34,325,49,325,
50,312,65,312,50,325,65,325,
56,315,71,315,56,327,71,327,
72,315,87,315,72,327,87,327,
88,315,103,315,88,327,103,327,
104,315,119,315,104,327,119,327,
21,381,36,381,21,402,36,402,
37,381,52,381,37,402,52,402,
53,381,68,381,53,402,68,402,
69,381,84,381,69,402,84,402,
85,381,100,381,85,402,100,402,
101,381,116,381,101,402,116,402,
2,380,17,380,2,401,17,401,
5,335,20,335,5,354,20,354,
21,335,36,335,21,354,36,354,
37,335,52,335,37,354,52,354,
53,335,68,335,53,354,68,354,
72,338,87,338,72,356,87,356,
88,338,103,338,88,356,103,356,
104,338,119,338,104,356,119,356,
120,338,135,338,120,356,135,356,
5,354,20,354,5,368,20,368,
21,354,36,354,21,368,36,368,
37,354,52,354,37,368,52,368,
51,355,66,355,51,369,66,369,
66,356,81,356,66,370,81,370,
82,356,97,356,82,370,97,370,
98,356,113,356,98,370,113,370,
114,356,129,356,114,370,129,370,
1,407,16,407,1,421,16,421,
17,407,32,407,17,421,32,421,
33,407,48,407,33,421,48,421,
49,407,64,407,49,421,64,421,
66,407,81,407,66,424,81,424,
82,407,97,407,82,424,97,424,
98,407,113,407,98,424,113,424,
114,407,129,407,114,424,129,424,
1,426,16,426,1,440,16,440,
17,426,32,426,17,440,32,440,
33,426,48,426,33,440,48,440,
49,426,64,426,49,440,64,440,
65,426,80,426,65,440,80,440,
81,426,96,426,81,440,96,440,
97,426,112,426,97,440,112,440,
113,426,128,426,113,440,128,440,
