321,287,336,287,321,392,336,392,
337,287,352,287,337,392,352,392,
353,287,368,287,353,392,368,392,
369,287,384,287,369,392,384,392,
385,287,400,287,385,392,400,392,
401,287,416,287,401,392,416,392,
417,287,432,287,417,392,432,392,
433,287,448,287,433,392,448,392,
449,287,464,287,449,392,464,392,
465,287,480,287,465,392,480,392,
481,287,496,287,481,392,496,392,
497,287,512,287,497,392,512,392,
513,287,528,287,513,392,528,392,
529,287,544,287,529,392,544,392,
545,287,560,287,545,392,560,392,
561,287,576,287,561,392,576,392,
577,287,592,287,577,392,592,392,
593,287,608,287,593,392,608,392,
609,287,624,287,609,392,624,392,
291,380,306,380,291,424,306,424,
307,380,322,380,307,424,322,424,
323,380,338,380,323,424,338,424,
339,380,354,380,339,424,354,424,
355,380,370,380,355,424,370,424,
371,380,386,380,371,424,386,424,
387,380,402,380,387,424,402,424,
403,380,418,380,403,424,418,424,
419,380,434,380,419,424,434,424,
435,380,450,380,435,424,450,424,
451,380,466,380,451,424,466,424,
287,437,302,437,287,460,302,460,
303,437,318,437,303,460,318,460,
319,437,334,437,319,460,334,460,
338,427,353,427,338,456,353,456,
354,427,369,427,354,456,369,456,
370,427,385,427,370,456,385,456,
386,427,401,427,386,456,401,456,
402,427,417,427,402,456,417,456,
418,427,433,427,418,456,433,456,
156,179,171,179,156,213,171,213,
172,179,187,179,172,213,187,213,
188,179,203,179,188,213,203,213,
