301,3,316,3,301,22,316,22,
324,5,339,5,324,29,339,29,
340,5,355,5,340,29,355,29,
356,5,371,5,356,29,371,29,
372,5,387,5,372,29,387,29,
388,5,403,5,388,29,403,29,
105,34,120,34,105,64,120,64,
121,34,136,34,121,64,136,64,
137,34,152,34,137,64,152,64,
153,34,168,34,153,64,168,64,
169,34,184,34,169,64,184,64,
185,34,200,34,185,64,200,64,
201,34,216,34,201,64,216,64,
214,41,229,41,214,71,229,71,
230,41,245,41,230,71,245,71,
246,41,261,41,246,71,261,71,
262,41,277,41,262,71,277,71,
278,41,293,41,278,71,293,71,
294,41,309,41,294,71,309,71,
310,41,325,41,310,71,325,71,
326,41,341,41,326,71,341,71,
168,79,183,79,168,102,183,102,
189,78,204,78,189,105,204,105,
205,78,220,78,205,105,220,105,
221,78,236,78,221,105,236,105,
237,78,252,78,237,105,252,105,
253,78,268,78,253,105,268,105,
269,78,284,78,269,105,284,105,
285,78,300,78,285,105,300,105,
142,118,157,118,142,141,157,141,
165,118,180,118,165,148,180,148,
181,118,196,118,181,148,196,148,
197,118,212,118,197,148,212,148,
213,118,228,118,213,148,228,148,
229,118,244,118,229,148,244,148,
245,118,260,118,245,148,260,148,
262,121,277,121,262,141,277,141,
278,121,293,121,278,141,293,141,
294,121,309,121,294,141,309,141,
310,121,325,121,310,141,325,141,
228,201,243,201,228,224,243,224,
244,201,259,201,244,224,259,224,
260,201,275,201,260,224,275,224,
276,201,291,201,276,224,291,224,
292,201,307,201,292,224,307,224,
202,235,217,235,202,260,217,260,
218,235,233,235,218,260,233,260,
234,235,249,235,234,260,249,260,
250,235,265,235,250,260,265,260,
266,235,281,235,266,260,281,260,
282,232,297,232,282,253,297,253,
298,232,313,232,298,253,313,253,
314,232,329,232,314,253,329,253,
261,259,276,259,261,288,276,288,
277,259,292,259,277,288,292,288,
293,259,308,259,293,288,308,288,
309,259,324,259,309,288,324,288,
325,259,340,259,325,288,340,288,
341,259,356,259,341,288,356,288,
302,333,317,333,302,359,317,359,
318,333,333,333,318,359,333,359,
334,333,349,333,334,359,349,359,
350,333,365,333,350,359,365,359,
366,333,381,333,366,359,381,359,
293,359,308,359,293,389,308,389,
309,359,324,359,309,389,324,389,
325,359,340,359,325,389,340,389,
341,359,356,359,341,389,356,389,
357,359,372,359,357,389,372,389,
373,359,388,359,373,389,388,389,
335,379,350,379,335,413,350,413,
351,379,366,379,351,413,366,413,
367,379,382,379,367,413,382,413,
383,379,398,379,383,413,398,413,
399,379,414,379,399,413,414,413,
185,533,200,533,185,556,200,556,
201,533,216,533,201,556,216,556,
244,420,259,420,244,484,259,484,
260,420,275,420,260,484,275,484,
276,420,291,420,276,484,291,484,
292,420,307,420,292,484,307,484,
308,420,323,420,308,484,323,484,
324,420,339,420,324,484,339,484,
340,420,355,420,340,484,355,484,
356,420,371,420,356,484,371,484,
372,420,387,420,372,484,387,484,
388,420,403,420,388,484,403,484,
404,420,419,420,404,484,419,484,
420,420,435,420,420,484,435,484,
436,420,451,420,436,484,451,484,
310,511,325,511,310,523,325,523,
326,511,341,511,326,523,341,523,
355,485,370,485,355,512,370,512,
371,485,386,485,371,512,386,512,
392,472,407,472,392,502,407,502,
408,472,423,472,408,502,423,502,
424,472,439,472,424,502,439,502,
346,93,361,93,346,114,361,114,
362,93,377,93,362,114,377,114,
378,93,393,93,378,114,393,114,
394,93,409,93,394,114,409,114,
410,93,425,93,410,114,425,114,
420,95,435,95,420,116,435,116,
436,95,451,95,436,116,451,116,
452,95,467,95,452,116,467,116,
468,95,483,95,468,116,483,116,
477,97,492,97,477,117,492,117,
493,97,508,97,493,117,508,117,
509,97,524,97,509,117,524,117,
525,97,540,97,525,117,540,117,
400,128,415,128,400,146,415,146,
418,127,433,127,418,147,433,147,
434,127,449,127,434,147,449,147,
450,127,465,127,450,147,465,147,
466,127,481,127,466,147,481,147,
482,127,497,127,482,147,497,147,
378,160,393,160,378,179,393,179,
393,157,408,157,393,183,408,183,
409,157,424,157,409,183,424,183,
425,157,440,157,425,183,440,183,
441,157,456,157,441,183,456,183,
457,157,472,157,457,183,472,183,
468,159,483,159,468,177,483,177,
484,159,499,159,484,177,499,177,
500,159,515,159,500,177,515,177,
451,458,466,458,451,476,466,476,
467,458,482,458,467,476,482,476,
483,458,498,458,483,476,498,476,
457,472,472,472,457,483,472,483,
441,451,456,451,441,460,456,460,
499,455,514,455,499,469,514,469,
525,446,540,446,525,463,540,463,
541,446,556,446,541,463,556,463,
70,546,85,546,70,554,85,554,
84,538,99,538,84,553,99,553,
100,538,115,538,100,553,115,553,
111,535,126,535,111,544,126,544,
410,227,425,227,410,250,425,250,
426,227,441,227,426,250,441,250,
442,227,457,227,442,250,457,250,
458,227,473,227,458,250,473,250,
400,256,415,256,400,279,415,279,
416,256,431,256,416,279,431,279,
432,256,447,256,432,279,447,279,
448,256,463,256,448,279,463,279,
464,256,479,256,464,279,479,279,
431,280,446,280,431,305,446,305,
447,280,462,280,447,305,462,305,
463,280,478,280,463,305,478,305,
479,280,494,280,479,305,494,305,
495,280,510,280,495,305,510,305,
95,563,110,563,95,579,110,579,
111,563,126,563,111,579,126,579,
126,560,141,560,126,569,141,569,
135,549,150,549,135,565,150,565,
151,549,166,549,151,565,166,565,
167,549,182,549,167,565,182,565,
296,398,311,398,296,422,311,422,
312,398,327,398,312,422,327,422,
262,407,277,407,262,429,277,429,
280,411,295,411,280,420,295,420,
178,275,193,275,178,299,193,299,
220,270,235,270,220,295,235,295,
236,270,251,270,236,295,251,295,
200,282,215,282,200,289,215,289,
370,295,385,295,370,313,385,313,
399,288,414,288,399,309,414,309,
415,288,430,288,415,309,430,309,
385,301,400,301,385,307,400,307,
