402,326,417,326,402,413,417,413,
418,326,433,326,418,413,433,413,
434,326,449,326,434,413,449,413,
450,326,465,326,450,413,465,413,
466,326,481,326,466,413,481,413,
482,326,497,326,482,413,497,413,
498,326,513,326,498,413,513,413,
514,326,529,326,514,413,529,413,
530,326,545,326,530,413,545,413,
546,326,561,326,546,413,561,413,
562,326,577,326,562,413,577,413,
578,326,593,326,578,413,593,413,
594,326,609,326,594,413,609,413,
610,326,625,326,610,413,625,413,
626,326,641,326,626,413,641,413,
642,326,657,326,642,413,657,413,
497,407,512,407,497,442,512,442,
513,407,528,407,513,442,528,442,
529,407,544,407,529,442,544,442,
545,407,560,407,545,442,560,442,
395,445,410,445,395,519,410,519,
411,445,426,445,411,519,426,519,
427,445,442,445,427,519,442,519,
443,445,458,445,443,519,458,519,
459,445,474,445,459,519,474,519,
475,445,490,445,475,519,490,519,
491,445,506,445,491,519,506,519,
507,445,522,445,507,519,522,519,
523,445,538,445,523,519,538,519,
539,445,554,445,539,519,554,519,
555,445,570,445,555,519,570,519,
571,445,586,445,571,519,586,519,
587,445,602,445,587,519,602,519,
603,445,618,445,603,519,618,519,
619,445,634,445,619,519,634,519,
635,445,650,445,635,519,650,519,
370,590,385,590,370,600,385,600,
386,590,401,590,386,600,401,600,
402,590,417,590,402,600,417,600,
418,590,433,590,418,600,433,600,
434,590,449,590,434,600,449,600,
450,590,465,590,450,600,465,600,
466,590,481,590,466,600,481,600,
482,590,497,590,482,600,497,600,
498,590,513,590,498,600,513,600,
514,590,529,590,514,600,529,600,
530,590,545,590,530,600,545,600,
546,590,561,590,546,600,561,600,
