163,509,178,509,163,549,178,549,
179,509,194,509,179,549,194,549,
195,509,210,509,195,549,210,549,
211,509,226,509,211,549,226,549,
227,509,242,509,227,549,242,549,
253,499,268,499,253,536,268,536,
269,499,284,499,269,536,284,536,
285,499,300,499,285,536,300,536,
301,499,316,499,301,536,316,536,
317,499,332,499,317,536,332,536,
340,444,355,444,340,529,355,529,
356,444,371,444,356,529,371,529,
372,444,387,444,372,529,387,529,
388,444,403,444,388,529,403,529,
404,444,419,444,404,529,419,529,
420,444,435,444,420,529,435,529,
436,444,451,444,436,529,451,529,
452,444,467,444,452,529,467,529,
468,444,483,444,468,529,483,529,
484,444,499,444,484,529,499,529,
500,444,515,444,500,529,515,529,
516,444,531,444,516,529,531,529,
532,444,547,444,532,529,547,529,
548,444,563,444,548,529,563,529,
564,444,579,444,564,529,579,529,
580,444,595,444,580,529,595,529,
596,444,611,444,596,529,611,529,
612,444,627,444,612,529,627,529,
628,444,643,444,628,529,643,529,
644,444,659,444,644,529,659,529,
660,444,675,444,660,529,675,529,
137,319,152,319,137,492,152,492,
153,319,168,319,153,492,168,492,
169,319,184,319,169,492,184,492,
185,319,200,319,185,492,200,492,
201,319,216,319,201,492,216,492,
217,319,232,319,217,492,232,492,
233,319,248,319,233,492,248,492,
249,319,264,319,249,492,264,492,
265,319,280,319,265,492,280,492,
281,319,296,319,281,492,296,492,
297,319,312,319,297,492,312,492,
313,319,328,319,313,492,328,492,
329,319,344,319,329,492,344,492,
345,319,360,319,345,492,360,492,
361,319,376,319,361,492,376,492,
377,319,392,319,377,492,392,492,
393,319,408,319,393,492,408,492,
409,319,424,319,409,492,424,492,
425,319,440,319,425,492,440,492,
441,319,456,319,441,492,456,492,
457,319,472,319,457,492,472,492,
473,319,488,319,473,492,488,492,
489,319,504,319,489,492,504,492,
505,319,520,319,505,492,520,492,
521,319,536,319,521,492,536,492,
537,319,552,319,537,492,552,492,
553,319,568,319,553,492,568,492,
569,319,584,319,569,492,584,492,
585,319,600,319,585,492,600,492,
601,319,616,319,601,492,616,492,
617,319,632,319,617,492,632,492,
633,319,648,319,633,492,648,492,
649,319,664,319,649,492,664,492,
121,262,136,262,121,376,136,376,
137,262,152,262,137,376,152,376,
153,262,168,262,153,376,168,376,
169,262,184,262,169,376,184,376,
185,262,200,262,185,376,200,376,
201,262,216,262,201,376,216,376,
217,262,232,262,217,376,232,376,
233,262,248,262,233,376,248,376,
249,262,264,262,249,376,264,376,
265,262,280,262,265,376,280,376,
281,262,296,262,281,376,296,376,
297,262,312,262,297,376,312,376,
349,201,364,201,349,341,364,341,
365,201,380,201,365,341,380,341,
381,201,396,201,381,341,396,341,
397,201,412,201,397,341,412,341,
413,201,428,201,413,341,428,341,
429,201,444,201,429,341,444,341,
445,201,460,201,445,341,460,341,
461,201,476,201,461,341,476,341,
477,201,492,201,477,341,492,341,
493,201,508,201,493,341,508,341,
509,201,524,201,509,341,524,341,
525,201,540,201,525,341,540,341,
541,201,556,201,541,341,556,341,
557,201,572,201,557,341,572,341,
573,201,588,201,573,341,588,341,
589,201,604,201,589,341,604,341,
605,201,620,201,605,341,620,341,
621,201,636,201,621,341,636,341,
637,201,652,201,637,341,652,341,
