277,120,292,120,277,147,292,147,
293,120,308,120,293,147,308,147,
309,120,324,120,309,147,324,147,
325,120,340,120,325,147,340,147,
285,147,300,147,285,494,300,494,
301,147,316,147,301,494,316,494,
317,147,332,147,317,494,332,494,
265,525,280,525,265,552,280,552,
281,525,296,525,281,552,296,552,
297,525,312,525,297,552,312,552,
313,525,328,525,313,552,328,552,
329,525,344,525,329,552,344,552,
266,551,281,551,266,576,281,576,
282,551,297,551,282,576,297,576,
298,551,313,551,298,576,313,576,
314,551,329,551,314,576,329,576,
330,551,345,551,330,576,345,576,
273,587,288,587,273,621,288,621,
289,587,304,587,289,621,304,621,
305,587,320,587,305,621,320,621,
321,587,336,587,321,621,336,621,
228,4,243,4,228,101,243,101,
244,4,259,4,244,101,259,101,
197,1,212,1,197,128,212,128,
213,1,228,1,213,128,228,128,
