251,362,266,362,251,413,266,413,
267,362,282,362,267,413,282,413,
283,362,298,362,283,413,298,413,
299,362,314,362,299,413,314,413,
315,362,330,362,315,413,330,413,
331,362,346,362,331,413,346,413,
347,362,362,362,347,413,362,413,
363,362,378,362,363,413,378,413,
379,362,394,362,379,413,394,413,
395,362,410,362,395,413,410,413,
411,362,426,362,411,413,426,413,
427,362,442,362,427,413,442,413,
443,362,458,362,443,413,458,413,
459,362,474,362,459,413,474,413,
475,362,490,362,475,413,490,413,
491,362,506,362,491,413,506,413,
507,362,522,362,507,413,522,413,
523,362,538,362,523,413,538,413,
539,362,554,362,539,413,554,413,
555,362,570,362,555,413,570,413,
571,362,586,362,571,413,586,413,
587,362,602,362,587,413,602,413,
603,362,618,362,603,413,618,413,
619,362,634,362,619,413,634,413,
296,427,311,427,296,478,311,478,
312,427,327,427,312,478,327,478,
328,427,343,427,328,478,343,478,
344,427,359,427,344,478,359,478,
378,430,393,430,378,477,393,477,
394,430,409,430,394,477,409,477,
410,430,425,430,410,477,425,477,
426,430,441,430,426,477,441,477,
442,430,457,430,442,477,457,477,
458,430,473,430,458,477,473,477,
474,430,489,430,474,477,489,477,
510,431,525,431,510,479,525,479,
526,431,541,431,526,479,541,479,
542,431,557,431,542,479,557,479,
558,431,573,431,558,479,573,479,
574,431,589,431,574,479,589,479,
269,511,284,511,269,548,284,548,
285,511,300,511,285,548,300,548,
301,511,316,511,301,548,316,548,
317,511,332,511,317,548,332,548,
333,511,348,511,333,548,348,548,
349,511,364,511,349,548,364,548,
365,511,380,511,365,548,380,548,
403,497,418,497,403,555,418,555,
419,497,434,497,419,555,434,555,
435,497,450,497,435,555,450,555,
451,497,466,497,451,555,466,555,
467,497,482,497,467,555,482,555,
483,497,498,497,483,555,498,555,
499,497,514,497,499,555,514,555,
515,497,530,497,515,555,530,555,
531,497,546,497,531,555,546,555,
547,497,562,497,547,555,562,555,
563,497,578,497,563,555,578,555,
579,497,594,497,579,555,594,555,
595,497,610,497,595,555,610,555,
748,559,763,559,748,565,763,565,
764,559,779,559,764,565,779,565,
38,550,53,550,38,553,53,553,
37,554,52,554,37,556,52,556,
37,556,52,556,37,558,52,558,
36,558,51,558,36,560,51,560,
36,560,51,560,36,562,51,562,
36,563,51,563,36,566,51,566,
33,566,48,566,33,568,48,568,
39,566,54,566,39,568,54,568,
32,568,47,568,32,570,47,570,
38,568,53,568,38,570,53,570,
419,310,434,310,419,315,434,315,
