132,561,147,561,132,602,147,602,
148,561,163,561,148,602,163,602,
164,561,179,561,164,602,179,602,
180,561,195,561,180,602,195,602,
196,561,211,561,196,602,211,602,
212,561,227,561,212,602,227,602,
293,567,308,567,293,605,308,605,
309,567,324,567,309,605,324,605,
325,567,340,567,325,605,340,605,
341,567,356,567,341,605,356,605,
368,566,383,566,368,610,383,610,
384,566,399,566,384,610,399,610,
400,566,415,566,400,610,415,610,
416,566,431,566,416,610,431,610,
432,566,447,566,432,610,447,610,
448,566,463,566,448,610,463,610,
93,434,108,434,93,527,108,527,
109,434,124,434,109,527,124,527,
125,434,140,434,125,527,140,527,
141,434,156,434,141,527,156,527,
157,434,172,434,157,527,172,527,
173,434,188,434,173,527,188,527,
189,434,204,434,189,527,204,527,
205,434,220,434,205,527,220,527,
221,434,236,434,221,527,236,527,
237,434,252,434,237,527,252,527,
253,434,268,434,253,527,268,527,
269,434,284,434,269,527,284,527,
285,434,300,434,285,527,300,527,
301,434,316,434,301,527,316,527,
317,434,332,434,317,527,332,527,
333,434,348,434,333,527,348,527,
349,434,364,434,349,527,364,527,
365,434,380,434,365,527,380,527,
381,434,396,434,381,527,396,527,
397,434,412,434,397,527,412,527,
413,434,428,434,413,527,428,527,
429,434,444,434,429,527,444,527,
445,434,460,434,445,527,460,527,
461,434,476,434,461,527,476,527,
477,434,492,434,477,527,492,527,
493,434,508,434,493,527,508,527,
506,142,521,142,506,171,521,171,
531,139,546,139,531,168,546,168,
523,103,538,103,523,128,538,128,
539,103,554,103,539,128,554,128,
506,114,521,114,506,131,521,131,
507,25,522,25,507,83,522,83,
523,25,538,25,523,83,538,83,
539,25,554,25,539,83,554,83,
555,25,570,25,555,83,570,83,
138,1,153,1,138,60,153,60,
154,1,169,1,154,60,169,60,
85,46,100,46,85,101,100,101,
101,46,116,46,101,101,116,101,
117,46,132,46,117,101,132,101,
261,97,276,97,261,143,276,143,
277,97,292,97,277,143,292,143,
293,97,308,97,293,143,308,143,
