163,162,178,162,163,220,178,220,
179,162,194,162,179,220,194,220,
195,162,210,162,195,220,210,220,
211,162,226,162,211,220,226,220,
227,162,242,162,227,220,242,220,
243,162,258,162,243,220,258,220,
259,162,274,162,259,220,274,220,
275,162,290,162,275,220,290,220,
291,162,306,162,291,220,306,220,
307,162,322,162,307,220,322,220,
323,162,338,162,323,220,338,220,
339,162,354,162,339,220,354,220,
355,162,370,162,355,220,370,220,
371,162,386,162,371,220,386,220,
387,162,402,162,387,220,402,220,
403,162,418,162,403,220,418,220,
419,162,434,162,419,220,434,220,
435,162,450,162,435,220,450,220,
451,162,466,162,451,220,466,220,
235,219,250,219,235,270,250,270,
251,219,266,219,251,270,266,270,
267,219,282,219,267,270,282,270,
283,219,298,219,283,270,298,270,
299,219,314,219,299,270,314,270,
315,219,330,219,315,270,330,270,
331,219,346,219,331,270,346,270,
347,219,362,219,347,270,362,270,
363,219,378,219,363,270,378,270,
379,219,394,219,379,270,394,270,
225,310,240,310,225,320,240,320,
229,342,244,342,229,348,244,348,
227,353,242,353,227,359,242,359,
243,353,258,353,243,359,258,359,
259,353,274,353,259,359,274,359,
236,425,251,425,236,441,251,441,
252,425,267,425,252,441,267,441,
268,425,283,425,268,441,283,441,
284,425,299,425,284,441,299,441,
245,317,260,317,245,343,260,343,
261,317,276,317,261,343,276,343,
213,442,228,442,213,459,228,459,
229,442,244,442,229,459,244,459,
245,442,260,442,245,459,260,459,
261,442,276,442,261,459,276,459,
277,442,292,442,277,459,292,459,
293,442,308,442,293,459,308,459,
309,442,324,442,309,459,324,459,
364,332,379,332,364,345,379,345,
380,332,395,332,380,345,395,345,
396,332,411,332,396,345,411,345,
349,344,364,344,349,358,364,358,
365,344,380,344,365,358,380,358,
381,344,396,344,381,358,396,358,
397,344,412,344,397,358,412,358,
413,344,428,344,413,358,428,358,
409,372,424,372,409,381,424,381,
426,378,441,378,426,401,441,401,
442,378,457,378,442,401,457,401,
413,400,428,400,413,406,428,406,
414,411,429,411,414,416,429,416,
430,411,445,411,430,416,445,416,
379,447,394,447,379,465,394,465,
395,447,410,447,395,465,410,465,
411,447,426,447,411,465,426,465,
427,447,442,447,427,465,442,465,
220,567,235,567,220,598,235,598,
236,567,251,567,236,598,251,598,
268,568,283,568,268,613,283,613,
284,568,299,568,284,613,299,613,
300,568,315,568,300,613,315,613,
316,568,331,568,316,613,331,613,
332,568,347,568,332,613,347,613,
348,568,363,568,348,613,363,613,
364,568,379,568,364,613,379,613,
380,568,395,568,380,613,395,613,
396,568,411,568,396,613,411,613,
412,568,427,568,412,613,427,613,
331,559,346,559,331,571,346,571,
347,559,362,559,347,571,362,571,
363,559,378,559,363,571,378,571,
379,559,394,559,379,571,394,571,
395,559,410,559,395,571,410,571,
411,559,426,559,411,571,426,571,
