274,36,289,36,274,81,289,81,
290,36,305,36,290,81,305,81,
306,36,321,36,306,81,321,81,
322,36,337,36,322,81,337,81,
338,36,353,36,338,81,353,81,
354,36,369,36,354,81,369,81,
155,81,170,81,155,128,170,128,
171,81,186,81,171,128,186,128,
187,81,202,81,187,128,202,128,
203,81,218,81,203,128,218,128,
219,81,234,81,219,128,234,128,
235,81,250,81,235,128,250,128,
251,81,266,81,251,128,266,128,
267,81,282,81,267,128,282,128,
283,81,298,81,283,128,298,128,
299,81,314,81,299,128,314,128,
315,81,330,81,315,128,330,128,
331,81,346,81,331,128,346,128,
347,81,362,81,347,128,362,128,
363,81,378,81,363,128,378,128,
397,75,412,75,397,124,412,124,
413,75,428,75,413,124,428,124,
429,75,444,75,429,124,444,124,
445,75,460,75,445,124,460,124,
461,75,476,75,461,124,476,124,
477,75,492,75,477,124,492,124,
493,75,508,75,493,124,508,124,
509,75,524,75,509,124,524,124,
525,75,540,75,525,124,540,124,
541,75,556,75,541,124,556,124,
557,75,572,75,557,124,572,124,
573,75,588,75,573,124,588,124,
589,75,604,75,589,124,604,124,
95,409,110,409,95,428,110,428,
111,409,126,409,111,428,126,428,
127,409,142,409,127,428,142,428,
143,409,158,409,143,428,158,428,
159,412,174,412,159,431,174,431,
175,412,190,412,175,431,190,431,
191,412,206,412,191,431,206,431,
207,412,222,412,207,431,222,431,
223,412,238,412,223,431,238,431,
239,412,254,412,239,431,254,431,
255,414,270,414,255,434,270,434,
271,414,286,414,271,434,286,434,
287,414,302,414,287,434,302,434,
303,414,318,414,303,434,318,434,
319,414,334,414,319,434,334,434,
335,414,350,414,335,434,350,434,
353,415,368,415,353,437,368,437,
369,415,384,415,369,437,384,437,
385,415,400,415,385,437,400,437,
401,415,416,415,401,437,416,437,
417,415,432,415,417,437,432,437,
442,418,457,418,442,440,457,440,
458,418,473,418,458,440,473,440,
474,418,489,418,474,440,489,440,
490,418,505,418,490,440,505,440,
506,418,521,418,506,440,521,440,
522,418,537,418,522,440,537,440,
538,418,553,418,538,440,553,440,
567,421,582,421,567,446,582,446,
583,421,598,421,583,446,598,446,
599,421,614,421,599,446,614,446,
615,421,630,421,615,446,630,446,
631,421,646,421,631,446,646,446,
647,421,662,421,647,446,662,446,
663,421,678,421,663,446,678,446,
679,421,694,421,679,446,694,446,
567,453,582,453,567,483,582,483,
583,453,598,453,583,483,598,483,
599,453,614,453,599,483,614,483,
615,453,630,453,615,483,630,483,
631,453,646,453,631,483,646,483,
647,453,662,453,647,483,662,483,
488,455,503,455,488,486,503,486,
504,455,519,455,504,486,519,486,
520,455,535,455,520,486,535,486,
536,455,551,455,536,486,551,486,
552,455,567,455,552,486,567,486,
440,450,455,450,440,475,455,475,
456,450,471,450,456,475,471,475,
472,450,487,450,472,475,487,475,
182,443,197,443,182,471,197,471,
198,443,213,443,198,471,213,471,
214,443,229,443,214,471,229,471,
230,443,245,443,230,471,245,471,
246,443,261,443,246,471,261,471,
262,443,277,443,262,471,277,471,
201,493,216,493,201,505,216,505,
217,493,232,493,217,505,232,505,
233,493,248,493,233,505,248,505,
508,522,523,522,508,538,523,538,
524,522,539,522,524,538,539,538,
540,522,555,522,540,538,555,538,
556,522,571,522,556,538,571,538,
