386,251,401,251,386,309,401,309,
402,251,417,251,402,309,417,309,
418,251,433,251,418,309,433,309,
434,251,449,251,434,309,449,309,
450,251,465,251,450,309,465,309,
466,251,481,251,466,309,481,309,
482,251,497,251,482,309,497,309,
498,251,513,251,498,309,513,309,
514,251,529,251,514,309,529,309,
530,251,545,251,530,309,545,309,
401,288,416,288,401,310,416,310,
417,288,432,288,417,310,432,310,
433,288,448,288,433,310,448,310,
451,296,466,296,451,328,466,328,
467,296,482,296,467,328,482,328,
483,296,498,296,483,328,498,328,
499,296,514,296,499,328,514,328,
515,296,530,296,515,328,530,328,
408,239,423,239,408,256,423,256,
424,239,439,239,424,256,439,256,
562,388,577,388,562,425,577,425,
578,388,593,388,578,425,593,425,
594,388,609,388,594,425,609,425,
610,388,625,388,610,425,625,425,
626,388,641,388,626,425,641,425,
