151,5,166,5,151,27,166,27,
167,5,182,5,167,27,182,27,
183,5,198,5,183,27,198,27,
199,5,214,5,199,27,214,27,
215,5,230,5,215,27,230,27,
231,5,246,5,231,27,246,27,
170,19,185,19,170,40,185,40,
186,19,201,19,186,40,201,40,
202,19,217,19,202,40,217,40,
148,33,163,33,148,44,163,44,
161,39,176,39,161,60,176,60,
177,39,192,39,177,60,192,60,
191,48,206,48,191,58,206,58,
204,37,219,37,204,57,219,57,
220,37,235,37,220,57,235,57,
115,90,130,90,115,115,130,115,
131,90,146,90,131,115,146,115,
147,90,162,90,147,115,162,115,
163,90,178,90,163,115,178,115,
179,90,194,90,179,115,194,115,
195,90,210,90,195,115,210,115,
211,90,226,90,211,115,226,115,
227,90,242,90,227,115,242,115,
103,144,118,144,103,212,118,212,
119,144,134,144,119,212,134,212,
135,144,150,144,135,212,150,212,
151,144,166,144,151,212,166,212,
167,144,182,144,167,212,182,212,
183,144,198,144,183,212,198,212,
199,144,214,144,199,212,214,212,
215,144,230,144,215,212,230,212,
104,187,119,187,104,225,119,225,
120,187,135,187,120,225,135,225,
136,187,151,187,136,225,151,225,
152,187,167,187,152,225,167,225,
168,187,183,187,168,225,183,225,
184,187,199,187,184,225,199,225,
200,187,215,187,200,225,215,225,
13,238,28,238,13,298,28,298,
29,238,44,238,29,298,44,298,
45,238,60,238,45,298,60,298,
61,238,76,238,61,298,76,298,
77,238,92,238,77,298,92,298,
93,238,108,238,93,298,108,298,
109,238,124,238,109,298,124,298,
125,238,140,238,125,298,140,298,
141,238,156,238,141,298,156,298,
198,252,213,252,198,405,213,405,
214,252,229,252,214,405,229,405,
230,252,245,252,230,405,245,405,
246,252,261,252,246,405,261,405,
262,252,277,252,262,405,277,405,
278,252,293,252,278,405,293,405,
294,252,309,252,294,405,309,405,
310,252,325,252,310,405,325,405,
326,252,341,252,326,405,341,405,
342,252,357,252,342,405,357,405,
358,252,373,252,358,405,373,405,
374,252,389,252,374,405,389,405,
390,252,405,252,390,405,405,405,
406,252,421,252,406,405,421,405,
422,252,437,252,422,405,437,405,
438,252,453,252,438,405,453,405,
454,252,469,252,454,405,469,405,
470,252,485,252,470,405,485,405,
486,252,501,252,486,405,501,405,
502,252,517,252,502,405,517,405,
563,371,578,371,563,425,578,425,
579,371,594,371,579,425,594,425,
595,371,610,371,595,425,610,425,
611,371,626,371,611,425,626,425,
627,371,642,371,627,425,642,425,
643,371,658,371,643,425,658,425,
659,371,674,371,659,425,674,425,
675,371,690,371,675,425,690,425,
691,371,706,371,691,425,706,425,
707,371,722,371,707,425,722,425,
723,371,738,371,723,425,738,425,
739,371,754,371,739,425,754,425,
755,371,770,371,755,425,770,425,
771,371,786,371,771,425,786,425,
740,56,755,56,740,75,755,75,
756,56,771,56,756,75,771,75,
772,163,787,163,772,182,787,182,
781,171,796,171,781,182,796,182,
787,67,802,67,787,75,802,75,
