59,301,74,301,59,393,74,393,
75,301,90,301,75,393,90,393,
91,301,106,301,91,393,106,393,
107,301,122,301,107,393,122,393,
149,310,164,310,149,397,164,397,
165,310,180,310,165,397,180,397,
181,310,196,310,181,397,196,397,
197,310,212,310,197,397,212,397,
213,310,228,310,213,397,228,397,
229,310,244,310,229,397,244,397,
450,339,465,339,450,418,465,418,
466,339,481,339,466,418,481,418,
482,339,497,339,482,418,497,418,
498,339,513,339,498,418,513,418,
514,339,529,339,514,418,529,418,
530,339,545,339,530,418,545,418,
546,339,561,339,546,418,561,418,
569,353,584,353,569,430,584,430,
585,353,600,353,585,430,600,430,
601,353,616,353,601,430,616,430,
617,353,632,353,617,430,632,430,
633,353,648,353,633,430,648,430,
649,353,664,353,649,430,664,430,
665,353,680,353,665,430,680,430,
681,353,696,353,681,430,696,430,
697,353,712,353,697,430,712,430,
713,353,728,353,713,430,728,430,
35,423,50,423,35,565,50,565,
51,423,66,423,51,565,66,565,
67,423,82,423,67,565,82,565,
83,423,98,423,83,565,98,565,
99,423,114,423,99,565,114,565,
115,423,130,423,115,565,130,565,
131,423,146,423,131,565,146,565,
147,423,162,423,147,565,162,565,
163,423,178,423,163,565,178,565,
177,463,192,463,177,563,192,563,
193,463,208,463,193,563,208,563,
209,463,224,463,209,563,224,563,
225,463,240,463,225,563,240,563,
241,463,256,463,241,563,256,563,
257,463,272,463,257,563,272,563,
273,463,288,463,273,563,288,563,
289,463,304,463,289,563,304,563,
305,463,320,463,305,563,320,563,
321,463,336,463,321,563,336,563,
337,463,352,463,337,563,352,563,
353,463,368,463,353,563,368,563,
369,463,384,463,369,563,384,563,
385,463,400,463,385,563,400,563,
401,463,416,463,401,563,416,563,
420,484,435,484,420,563,435,563,
436,484,451,484,436,563,451,563,
452,484,467,484,452,563,467,563,
468,484,483,484,468,563,483,563,
484,484,499,484,484,563,499,563,
500,484,515,484,500,563,515,563,
516,484,531,484,516,563,531,563,
532,484,547,484,532,563,547,563,
548,484,563,484,548,563,563,563,
564,484,579,484,564,563,579,563,
580,484,595,484,580,563,595,563,
253,325,268,325,253,400,268,400,
269,325,284,325,269,400,284,400,
285,325,300,325,285,400,300,400,
300,330,315,330,300,402,315,402,
316,330,331,330,316,402,331,402,
332,330,347,330,332,402,347,402,
348,330,363,330,348,402,363,402,
364,334,379,334,364,407,379,407,
380,334,395,334,380,407,395,407,
396,334,411,334,396,407,411,407,
