234,544,249,544,234,579,249,579,
250,544,265,544,250,579,265,579,
266,544,281,544,266,579,281,579,
282,544,297,544,282,579,297,579,
298,544,313,544,298,579,313,579,
314,544,329,544,314,579,329,579,
330,544,345,544,330,579,345,579,
346,544,361,544,346,579,361,579,
362,544,377,544,362,579,377,579,
378,544,393,544,378,579,393,579,
394,544,409,544,394,579,409,579,
422,547,437,547,422,584,437,584,
438,547,453,547,438,584,453,584,
454,547,469,547,454,584,469,584,
470,547,485,547,470,584,485,584,
486,547,501,547,486,584,501,584,
502,547,517,547,502,584,517,584,
518,547,533,547,518,584,533,584,
534,547,549,547,534,584,549,584,
550,547,565,547,550,584,565,584,
566,547,581,547,566,584,581,584,
582,547,597,547,582,584,597,584,
598,547,613,547,598,584,613,584,
277,520,292,520,277,547,292,547,
293,520,308,520,293,547,308,547,
309,520,324,520,309,547,324,547,
325,520,340,520,325,547,340,547,
341,520,356,520,341,547,356,547,
357,520,372,520,357,547,372,547,
373,520,388,520,373,547,388,547,
389,520,404,520,389,547,404,547,
405,520,420,520,405,547,420,547,
421,520,436,520,421,547,436,547,
437,520,452,520,437,547,452,547,
453,520,468,520,453,547,468,547,
469,520,484,520,469,547,484,547,
485,520,500,520,485,547,500,547,
501,520,516,520,501,547,516,547,
517,520,532,520,517,547,532,547,
533,520,548,520,533,547,548,547,
549,520,564,520,549,547,564,547,
226,393,241,393,226,420,241,420,
242,393,257,393,242,420,257,420,
258,393,273,393,258,420,273,420,
284,388,299,388,284,427,299,427,
300,388,315,388,300,427,315,427,
316,388,331,388,316,427,331,427,
332,388,347,388,332,427,347,427,
348,388,363,388,348,427,363,427,
364,388,379,388,364,427,379,427,
380,388,395,388,380,427,395,427,
414,389,429,389,414,427,429,427,
430,389,445,389,430,427,445,427,
446,389,461,389,446,427,461,427,
462,389,477,389,462,427,477,427,
228,353,243,353,228,391,243,391,
244,353,259,353,244,391,259,391,
260,353,275,353,260,391,275,391,
276,353,291,353,276,391,291,391,
292,353,307,353,292,391,307,391,
308,353,323,353,308,391,323,391,
324,353,339,353,324,391,339,391,
340,353,355,353,340,391,355,391,
356,353,371,353,356,391,371,391,
386,352,401,352,386,392,401,392,
402,352,417,352,402,392,417,392,
418,352,433,352,418,392,433,392,
434,352,449,352,434,392,449,392,
450,352,465,352,450,392,465,392,
485,354,500,354,485,394,500,394,
501,354,516,354,501,394,516,394,
517,354,532,354,517,394,532,394,
533,354,548,354,533,394,548,394,
549,354,564,354,549,394,564,394,
565,354,580,354,565,394,580,394,
581,354,596,354,581,394,596,394,
597,354,612,354,597,394,612,394,
427,309,442,309,427,344,442,344,
443,309,458,309,443,344,458,344,
459,309,474,309,459,344,474,344,
475,309,490,309,475,344,490,344,
491,309,506,309,491,344,506,344,
507,309,522,309,507,344,522,344,
523,309,538,309,523,344,538,344,
539,309,554,309,539,344,554,344,
555,309,570,309,555,344,570,344,
571,309,586,309,571,344,586,344,
587,309,602,309,587,344,602,344,
603,309,618,309,603,344,618,344,
619,309,634,309,619,344,634,344,
506,266,521,266,506,299,521,299,
522,266,537,266,522,299,537,299,
538,266,553,266,538,299,553,299,
554,266,569,266,554,299,569,299,
570,266,585,266,570,299,585,299,
220,304,235,304,220,345,235,345,
236,304,251,304,236,345,251,345,
252,304,267,304,252,345,267,345,
268,304,283,304,268,345,283,345,
284,304,299,304,284,345,299,345,
300,304,315,304,300,345,315,345,
316,304,331,304,316,345,331,345,
332,304,347,304,332,345,347,345,
348,304,363,304,348,345,363,345,
364,304,379,304,364,345,379,345,
380,304,395,304,380,345,395,345,
396,304,411,304,396,345,411,345,
