330,447,345,447,330,539,345,539,
346,447,361,447,346,539,361,539,
362,447,377,447,362,539,377,539,
378,447,393,447,378,539,393,539,
394,447,409,447,394,539,409,539,
410,447,425,447,410,539,425,539,
426,447,441,447,426,539,441,539,
442,447,457,447,442,539,457,539,
458,447,473,447,458,539,473,539,
474,447,489,447,474,539,489,539,
490,447,505,447,490,539,505,539,
506,447,521,447,506,539,521,539,
522,447,537,447,522,539,537,539,
538,447,553,447,538,539,553,539,
554,447,569,447,554,539,569,539,
570,447,585,447,570,539,585,539,
586,447,601,447,586,539,601,539,
602,447,617,447,602,539,617,539,
618,447,633,447,618,539,633,539,
634,447,649,447,634,539,649,539,
650,447,665,447,650,539,665,539,
666,447,681,447,666,539,681,539,
682,447,697,447,682,539,697,539,
698,447,713,447,698,539,713,539,
714,447,729,447,714,539,729,539,
730,447,745,447,730,539,745,539,
746,447,761,447,746,539,761,539,
762,447,777,447,762,539,777,539,
778,447,793,447,778,539,793,539,
