309,51,324,51,309,182,324,182,
325,51,340,51,325,182,340,182,
341,51,356,51,341,182,356,182,
357,51,372,51,357,182,372,182,
373,51,388,51,373,182,388,182,
389,51,404,51,389,182,404,182,
405,51,420,51,405,182,420,182,
421,51,436,51,421,182,436,182,
437,51,452,51,437,182,452,182,
453,51,468,51,453,182,468,182,
469,51,484,51,469,182,484,182,
485,51,500,51,485,182,500,182,
501,51,516,51,501,182,516,182,
517,51,532,51,517,182,532,182,
533,51,548,51,533,182,548,182,
549,51,564,51,549,182,564,182,
565,51,580,51,565,182,580,182,
