256,261,271,261,256,326,271,326,
272,261,287,261,272,326,287,326,
288,261,303,261,288,326,303,326,
304,261,319,261,304,326,319,326,
320,261,335,261,320,326,335,326,
336,261,351,261,336,326,351,326,
352,261,367,261,352,326,367,326,
368,261,383,261,368,326,383,326,
384,261,399,261,384,326,399,326,
400,261,415,261,400,326,415,326,
197,370,212,370,197,454,212,454,
213,370,228,370,213,454,228,454,
229,370,244,370,229,454,244,454,
245,370,260,370,245,454,260,454,
261,370,276,370,261,454,276,454,
277,370,292,370,277,454,292,454,
270,324,285,324,270,368,285,368,
286,324,301,324,286,368,301,368,
302,324,317,324,302,368,317,368,
318,324,333,324,318,368,333,368,
334,324,349,324,334,368,349,368,
350,324,365,324,350,368,365,368,
366,324,381,324,366,368,381,368,
382,324,397,324,382,368,397,368,
475,378,490,378,475,390,490,390,
292,381,307,381,292,418,307,418,
308,381,323,381,308,418,323,418,
324,381,339,381,324,418,339,418,
340,381,355,381,340,418,355,418,
349,369,364,369,349,455,364,455,
365,369,380,369,365,455,380,455,
381,369,396,369,381,455,396,455,
397,369,412,369,397,455,412,455,
413,369,428,369,413,455,428,455,
429,369,444,369,429,455,444,455,
445,369,460,369,445,455,460,455,
461,369,476,369,461,455,476,455,
